10
1000:9609,10065,8979,9240,8295,9931,9733,8731,8915,9768,8907,9066,9719,9574,9335,8867,9029,9792,9154,9453,8753,8662,9884,8484,8579,9545,9836,9140,8749,10223,8032,9063,9051,9299,9592,9115,8823,8468,8732,8757,9568,8799,9839,9665,9848,10849,8868,8722,8933,9434,9947,9543,8620,9977,8839,9916,9193,9379,9184,9856,8845,9283,9412,10077,10922,11958,10370,9608,10287,9842,10049,9408,9866,9210,8655,8604,9202,8950,9247,10568,8594,8924,9492,11754,10355,9383,10831,9033,8803,9032,9857,9322,9093,8847,8689,9539,10036,9237,9064,8006,
2000:21328,19328,21599,21864,24612,21101,21335,20576,25026,22341,20370,20866,21824,20585,22656,21147,21300,24228,22914,21253,21751,20428,20511,20701,20278,22551,21803,22189,21091,21504,21766,23139,25179,21634,22832,21502,22219,22659,19875,22966,20214,22751,20965,22567,21837,19983,26007,20814,22602,21036,23524,21839,21592,22626,19131,22799,23721,23565,19741,23057,20446,22272,21491,24310,20385,22623,19738,19315,22732,22225,22100,22626,21491,21616,25240,20060,21761,22441,20762,21501,23334,20766,20637,21358,20201,22565,26472,22193,22276,19545,23178,20823,21253,21387,22116,21972,19409,21746,20067,21971,
3000:33136,34117,36398,34175,35988,32699,31416,35541,33926,31931,36281,33161,40265,36038,35115,34353,34364,34767,34433,35991,34242,33393,34798,36201,32709,33601,32759,34912,34128,33069,31955,35257,41199,32087,33646,34625,36127,32045,32485,31880,38684,32206,33429,32133,34574,34037,35031,32652,36979,35600,35988,31416,33867,36338,35778,37223,31349,31650,31974,33199,34452,37602,35950,37696,34406,34702,36995,34376,33764,34867,33414,31913,33590,32471,32622,33428,32143,37166,35813,36710,38505,31917,35806,35265,34725,34914,32668,36596,36629,33627,34890,33282,34492,33520,35734,37986,34683,37967,39619,35096,
4000:51141,50433,54711,48309,47558,47493,47098,51885,48930,52374,48625,48448,49491,48939,49983,49519,48615,43896,44903,47719,44570,45756,44908,46765,48247,53971,46793,48479,49234,46091,47522,49087,45988,46836,46393,45514,49749,51699,48565,49677,61982,47141,43654,49380,48202,51291,47225,48757,45619,45694,44735,46770,48498,50748,46919,46627,45137,45367,52984,45301,48812,55518,48438,46937,49818,51922,48645,47354,49582,47574,47447,48721,45242,45386,47052,51847,49813,46928,47649,47014,49477,50379,47568,45068,47889,45832,46409,43030,47628,44603,52851,45933,46602,51873,50423,44950,45547,46947,49800,44002,
5000:60875,63383,60945,61945,72351,64403,68396,63677,60175,70404,64409,63046,65104,70275,69215,59651,60492,61346,63088,66729,62779,59710,61124,59706,60441,58195,62974,60956,60506,63191,65225,71440,63040,66797,58911,60636,60305,57192,60955,62837,63341,58210,63735,61352,67728,58943,59343,65624,61063,69762,58881,61261,64583,63287,59551,64244,65364,59981,60987,60551,66181,59859,58054,60698,61343,62570,68537,58043,65672,60591,61549,61662,70281,62465,63428,58756,60857,61008,66978,65611,65471,63003,61356,63822,59055,61592,59659,67640,63028,61730,61025,58790,60467,63927,59277,60596,63854,63323,58701,61451,
6000:82370,81636,78914,74509,73701,75897,82261,80752,74652,73024,75490,78891,79597,78465,74675,78887,80637,75272,81330,70342,83697,74404,74245,79624,82878,77232,88942,77261,75796,70838,76347,80091,77766,71852,74533,80428,85883,76276,76871,76926,79044,74325,75090,78718,76591,81338,73505,76777,76025,71953,74330,70984,85011,84998,74544,76650,72386,77772,84699,85011,72195,74408,76880,75442,75802,76987,73739,79321,79087,76658,72309,74594,72471,78851,77808,75937,86043,75735,78573,78881,80674,77109,76664,79354,73088,83397,78321,80826,85674,75922,85021,73444,76556,75619,86105,75546,74687,77010,78493,75314,
7000:83036,86009,89501,95713,92987,96406,93020,88173,92038,98379,93811,91785,91204,89798,89228,89810,114343,90591,87102,91086,94934,96598,88976,91872,92213,96377,95735,85325,90201,93481,96803,86528,86735,99729,97732,94339,86914,93216,103291,95035,91959,88943,90117,99637,85938,93617,90305,86814,96676,92417,86949,90504,91627,88062,91700,92265,95683,93486,94516,94699,98654,94915,91042,106415,97448,93839,94671,98018,94826,87273,96565,92316,95901,89400,90236,91992,94978,95094,104066,101371,94610,92444,84609,88762,92543,92129,95562,88596,91168,88066,92381,94002,87768,93681,86849,94945,92084,102907,92412,91065,
8000:100567,110295,113520,108554,104293,105369,109807,112216,108034,108285,105077,102942,108129,108325,105670,113648,105279,113119,101911,113354,101259,98451,107552,113970,101871,106332,103941,123685,105749,111885,103511,111563,110216,114794,102883,106872,103625,105881,106666,107073,111247,105581,104602,105939,111826,111531,104487,108552,111402,105967,105336,105996,110120,103884,102670,109613,112453,107765,102437,103478,110084,109624,109423,107914,99649,117729,116451,110908,112671,101530,113220,104079,118169,112979,107749,106271,99271,102673,102396,114450,107095,107590,103992,104809,103153,106258,105107,107010,104265,103535,107717,109333,100382,104695,101517,108346,113684,106225,110319,103781,
9000:118779,114336,126731,129888,127642,125216,126222,116656,131477,117147,125082,119326,123177,120499,126579,142068,129467,131520,132550,125635,120594,122032,119033,130294,124789,128503,124701,122589,120162,116774,117292,126820,123528,127736,126971,122878,123653,129681,132781,123710,119252,127271,116336,125245,112146,137618,119889,139955,119216,113622,126866,124303,129343,124038,121286,125294,124963,125236,116284,125262,114984,115854,130961,124421,118997,114994,121076,126394,116609,124621,123025,123071,117357,117295,120216,118706,120080,113410,119462,125464,122717,117261,123084,123348,129104,130493,126858,129488,125327,118018,118750,129513,123194,126929,131541,129311,118805,122257,119671,121941,
10000:131091,147936,147361,142301,142174,130474,135337,134798,138006,137127,138307,148983,133617,143276,147607,129775,134376,141809,139873,133530,139970,154344,139498,135780,131454,168416,133063,134605,133295,128224,146457,144229,139006,127638,140925,138952,136129,159173,134388,134694,140434,136636,135429,157606,136805,137059,133258,183617,130871,140155,130117,128935,139863,127987,134938,147121,135148,145706,135037,133372,143496,136414,141422,142063,152877,137322,133716,141185,140564,137030,140220,141209,147472,144307,129006,131888,140059,139903,138372,135514,135210,133499,142076,149550,143794,142279,134123,133769,143074,142335,137007,132452,147397,135250,141486,135134,136742,140382,153216,135630,
11000:159238,170122,143875,161111,152873,150985,167079,158816,163116,148789,157317,158498,156759,157837,153480,161084,159398,151045,151134,146608,145059,160702,162631,146945,154951,148327,162126,146662,146819,148238,156685,171807,152267,161038,163241,169799,145456,155631,158903,155286,163971,150103,158440,153781,155163,157697,158165,161531,160749,164908,146535,167431,150801,153531,161236,149911,163244,155650,154837,149171,150099,144971,157086,159162,159315,155668,153525,155009,157673,152912,143865,163508,162148,150929,151478,152190,153271,152499,156878,151191,165290,166451,159687,151998,157559,166716,147449,148402,153811,157906,153782,165273,151767,156406,163275,166772,154239,152412,158049,161071,
12000:182317,167817,175453,168445,168845,160589,170063,161348,185306,178744,172855,157229,168660,165650,168143,175943,174184,173382,178365,178918,168741,169866,174513,183847,162004,178172,170334,175048,173980,159562,171860,168311,185454,197402,171103,161666,166264,162228,165817,172385,169325,168851,161175,169006,177985,185968,168632,193169,168763,169227,166617,196635,162784,161301,164576,163277,176283,177363,165613,172044,163137,162830,172418,168260,162031,163170,180013,162768,200592,168414,170000,168242,163259,171487,169549,181073,170314,160958,162459,171489,163058,175331,170894,169166,181876,165195,172638,165130,170244,194347,164260,183479,169377,180602,165351,166586,164859,166934,175272,165456,
13000:204695,175908,207880,189903,181395,208739,208666,197681,193200,180078,176180,187466,189318,182459,203776,193023,192191,188393,187366,188646,191454,177497,190720,185380,192816,180743,182271,200327,182525,176795,190292,211963,189555,204345,191072,192493,181739,193674,182383,189524,190251,191128,190338,181260,182122,194665,186141,190673,189174,204379,205442,196871,183674,199422,181488,195642,180599,186163,174831,180981,177638,176240,195342,183541,180353,201612,183237,183311,193750,190737,177799,187725,184274,189144,187692,176749,196043,185362,185278,192465,175883,200003,176272,186901,185405,182512,201134,186705,201811,182062,174579,178754,187032,187149,180627,193880,204557,182440,198974,182825,
14000:206725,202951,202286,209180,198261,200919,212477,211852,221941,198267,196419,202074,209466,190180,203805,197586,195595,199717,228551,233133,212729,216309,199718,212521,200744,190565,197535,235195,195939,201601,190335,223475,204683,210410,207147,202536,204529,203890,205741,233974,213798,197702,201533,191709,213228,208347,198108,203956,193532,214332,201333,198095,185660,205468,208270,206970,200507,210858,213571,197764,196100,201079,204841,192750,192922,198608,198875,199375,232527,218099,217218,190850,218243,224222,192600,209787,209722,199870,203790,198273,198606,194565,190263,192242,200672,197091,198954,206404,204512,199292,211475,201474,201180,213790,210877,207267,208657,187962,220092,200098,
15000:228536,212102,233414,254797,224102,227662,210774,219365,219068,218572,227934,231072,214599,215869,218134,233546,227185,206709,215483,221540,226803,220793,223450,228350,214998,231887,217602,217450,216633,218398,220478,225227,212417,222553,222563,241246,210751,211595,222474,228232,256081,215203,222469,208719,215674,221912,228581,217005,225855,224165,226043,213288,221465,210975,211701,209224,231133,208827,236257,225423,237213,227675,211275,230201,227315,241465,236908,241134,214370,225636,208590,213068,210902,224645,248820,222598,226501,210863,209221,209554,213055,208266,227482,219882,219824,212467,204415,220022,213613,235266,209625,227760,223696,206585,230329,218400,208967,211860,216134,220245,
16000:249687,249503,238570,256375,234327,247281,244746,236852,232287,241426,240542,243576,235816,231085,232245,250365,234182,229621,234831,234412,229521,230955,247227,237980,250320,242210,221111,238902,239310,226705,233915,247825,234344,222515,232761,229680,233503,235405,229520,243591,228453,234242,234302,244373,229526,228300,256006,237110,233563,245009,257256,242257,216787,243655,243799,239898,233426,229430,227233,239294,241028,222179,233275,230152,251017,223916,246250,231283,238323,231005,240431,262804,230928,235152,232957,225200,249286,257961,227564,236551,238470,236208,259569,239739,236648,233139,234036,233764,230977,223372,225167,229543,249405,244504,222974,259524,231509,240500,273764,229062,
17000:247445,240803,244842,239537,265144,254072,256103,252279,258620,263300,249013,279880,249005,243960,251242,261626,277181,254291,259669,262074,258438,258539,241523,261567,251428,238646,269921,274397,263965,261059,266271,253843,265335,259106,239309,252182,271242,271929,246221,254914,251143,261866,252337,236314,255263,268145,268798,249038,262855,263457,286220,230433,256250,248860,245908,242693,260814,272616,251503,244847,258330,241836,266077,246099,251743,255790,271119,244505,277697,252022,242820,257193,251362,243763,254796,253029,250569,245466,262288,255526,266704,246731,251816,288707,258417,276477,253621,254181,270384,267001,248007,243608,267528,263995,252468,237783,246262,252965,245291,250181,
18000:258832,264953,268072,263333,260697,282668,266787,261342,275874,255515,260020,269147,269391,259514,260329,297572,260644,268334,269525,258918,261048,272241,271412,262863,273228,265830,278100,266112,283363,280900,298484,262348,305579,269406,272149,276428,290885,258071,315117,255475,277868,255041,269244,255970,285985,259309,295738,271698,252677,262081,286246,258834,283604,277526,269438,270775,282169,263335,260789,264502,256290,268919,262475,259792,257996,273130,260434,266522,282452,269584,268142,273837,267672,315369,252028,267162,271773,289749,270631,285451,293261,297054,272099,274924,282860,256596,261873,290358,260123,262269,292190,290382,270230,264473,268654,276612,281856,271910,267097,276796,
19000:276810,289616,294377,290996,281808,298548,282930,295666,281524,286922,290597,281855,294581,289570,295246,301637,278327,284609,293809,284496,282636,278476,270829,298727,306648,295604,279578,269328,304660,289470,287732,277946,295578,281662,282770,288006,280310,280614,289348,282653,279738,302580,282802,273370,294860,287328,286566,277682,288961,275733,287012,286678,287009,281121,287077,263765,281573,288564,282023,269674,280702,289451,306763,289006,283027,282709,282914,299554,282403,262672,295818,298385,293732,274795,281837,304415,287421,293071,293371,284239,275578,309675,282095,281928,303554,279981,286192,277762,279389,296054,279399,287612,293824,293905,280671,290133,291244,279652,269596,281621,
20000:302784,312137,316774,302169,317503,302283,282901,301109,301018,296091,318749,332962,312460,294543,309041,307868,308850,303199,307281,336868,310456,313645,301443,298285,315478,290150,317826,300817,306605,309620,291476,310722,313303,291372,293172,296082,312083,311276,293168,297896,299264,306929,303877,304985,288065,299051,293562,310232,287340,353708,302197,285747,306013,290302,323015,309816,295212,301805,306724,337029,287320,299863,313072,310090,320812,304264,308600,311143,298932,299339,302813,304310,294213,297342,314112,303338,298649,318301,296266,319983,299298,300842,280872,312929,308752,292991,317198,287491,291098,290773,325397,294384,303433,286333,336034,303373,327241,318521,288067,308768,
21000:331283,325253,339967,306661,324633,317621,337909,316577,321816,319789,339458,326925,335102,307517,319445,325121,327498,307087,337530,312703,311758,328788,336824,320760,331433,337839,330647,327169,316094,320856,340693,325867,316114,329757,319916,331362,303829,307350,325054,332909,324696,333350,343527,348185,322618,318326,317683,313392,342102,316508,317920,338769,322615,315135,326812,330087,308079,337916,301108,313401,313591,321440,345379,310492,310506,319771,337000,325905,317127,313625,329478,313489,311071,313164,300999,322225,332538,315476,337634,340778,314373,335230,309462,320647,339244,328938,328307,325673,314771,308559,307000,312601,315613,331562,315650,340712,344755,299623,347026,318589,
22000:348375,344893,350382,333979,352432,337808,335660,319863,328851,368758,325128,353913,346466,326682,330132,335211,330601,339276,347036,370417,346583,328576,341090,331930,341855,344349,334846,381231,333267,328741,338043,349096,337870,330413,334884,359960,323910,338188,347812,350095,351340,344051,356275,351928,341223,332051,334485,345887,333262,326132,361004,329280,346794,336323,330582,334519,327270,338947,334637,335314,328875,371045,347740,367913,331291,340372,329602,333284,319121,337724,336828,328616,352715,346034,372883,347739,336354,364719,326933,328868,325599,344671,338369,338448,336341,370046,337550,331061,336175,378884,316438,341072,339530,332213,333594,328824,328981,338668,321922,351919,
23000:338823,348395,342702,346844,342772,371468,356478,356293,358375,360496,373407,349858,347548,352853,361333,345285,358798,350529,368955,331569,358126,341273,343755,330802,368713,381868,339158,345525,363610,329592,380073,354943,376185,360914,358041,367419,376084,335001,367305,347566,342347,377735,341223,350665,376401,354765,368873,341954,378622,357327,362636,394103,348842,344582,351253,346000,356388,371839,361329,339831,360655,380141,359330,339126,374110,371171,362992,365083,370061,355545,350486,340160,336865,351274,339160,346534,358361,361653,350856,379142,376346,360249,357880,353223,363152,350207,337400,350885,367136,352491,365338,367279,374344,327999,340835,342905,340091,366449,365188,354943,
24000:407725,389977,372159,357785,364816,415247,367276,372728,381886,380694,364390,369220,378453,389489,376298,361336,354960,376075,388310,360298,378991,385798,369942,383328,359255,365418,359371,369067,415107,357183,394751,368164,400269,357612,368707,357073,363981,368344,378364,368908,362699,368812,376087,354889,385623,358960,364771,367866,378547,407336,383315,392242,367288,372815,372370,391650,354662,375599,401263,377588,387533,419478,361041,392365,391767,369460,403050,377007,390475,357997,370836,384135,384630,377217,379111,367059,375430,363296,373293,374494,390363,397366,382168,437607,407322,393024,378783,391311,395541,371243,376237,369226,417358,374766,379700,374165,376748,372066,366416,396959,
25000:406752,439794,375567,410538,381266,372463,390316,381682,366808,404362,402377,384105,408247,418721,427944,421170,370515,384406,413381,370073,386439,375401,383397,397825,404598,397763,462157,377023,414755,421237,413436,380684,386247,417188,399196,427399,418911,381289,367497,375019,387088,384227,413167,433357,371332,397630,386123,436710,408833,391499,378485,424491,377219,409793,376843,403545,397424,377820,399248,362889,425058,373449,398485,404847,396100,392544,394542,403624,413599,425147,382767,423638,380008,383690,396593,403545,395350,416872,395405,391605,392195,387678,384700,398599,407888,379946,387961,397355,392012,384792,383511,395858,395284,397276,378080,388535,385337,414577,390810,446510,
26000:399779,407095,448706,394725,399732,415827,420690,431746,425306,404859,391884,399997,407574,396483,413044,426003,406189,442932,412676,435773,423890,405809,404916,418944,390963,404285,396682,415768,419818,437687,389702,418684,399169,393221,415789,409665,395007,447697,403870,438324,408331,407053,420366,397946,391541,401294,446940,424845,395401,411438,431949,434266,413774,391382,415901,403138,423712,408950,424000,398450,423232,445842,400301,399810,426871,410416,425907,391748,435835,402516,423712,402996,392932,404429,394265,390246,419020,386351,391599,405993,422273,419911,431531,394634,415178,403615,423146,402108,390342,430774,415573,475909,423581,391421,418840,406704,402300,421210,417207,420986,
27000:416692,444148,476366,402102,405198,434878,435513,435766,423235,427324,448917,429027,442118,424892,443574,429695,404766,419089,426502,426390,410415,445720,443971,414829,425300,408440,406404,432893,401745,410978,424875,433601,417846,406322,429790,417317,427258,441052,413263,404989,431266,407601,425401,456186,424860,409798,495135,407303,437269,426809,436360,423987,452917,417554,427782,421113,431641,439221,401379,447310,413510,408610,425797,425486,416294,428912,426046,457504,430820,417670,432025,408717,429262,443491,425031,441801,437145,435478,467699,447043,435336,446334,412877,435386,419796,463490,453595,451337,426972,422048,418468,427772,417571,420119,405285,452944,429976,427237,467108,428601,
28000:453444,436558,441938,459376,417513,447997,431352,448477,444112,425650,411979,459182,427513,436196,430614,432305,424789,440310,445350,433018,464860,446024,442517,454693,454879,435142,420314,428689,460762,442324,450239,486936,446265,428505,430303,438771,431065,424523,471292,463897,454133,447711,445986,431132,467421,425180,479261,434607,456099,428147,445791,434961,429768,455078,425237,442470,444255,451256,407983,431148,459975,456031,461554,456373,462506,451212,450874,441461,467858,453555,422217,447911,421617,450120,462686,437001,435689,440327,465498,436265,454252,446765,496655,434242,451744,473354,444858,439665,484860,433820,450162,457071,446120,435707,453319,474692,431202,436178,440418,470273,
29000:474590,439839,462016,454481,464024,456598,447290,461732,468979,466621,448118,487514,500615,481529,487924,455500,454989,464417,450692,465111,470517,449709,495090,454804,489676,444293,474928,455161,478788,456834,457941,494632,487968,455763,488653,475645,482317,452502,486832,487497,471626,482630,480674,501836,469761,466951,464873,475471,480690,484362,476200,433613,472586,458829,475287,454463,464934,444768,451206,443831,462832,449652,465167,447236,451092,489361,466727,462502,450182,462295,446104,437867,461921,463862,448581,458508,465897,458755,458929,453570,461451,492707,463872,460780,471478,461141,455837,453370,456055,483704,466630,457836,477592,501670,492204,468431,464647,465748,451829,441515,
30000:493305,486012,491619,511604,456362,465306,531914,493554,474426,480660,470231,479466,462627,469432,466398,468213,468438,455284,498989,476411,465098,498031,461388,500938,471144,496648,486344,487992,502467,472391,456043,496158,476248,466446,473102,469056,497935,482585,478102,487490,513773,481500,494173,482824,454100,477679,554021,512180,492066,472089,464305,475601,486079,456199,490274,497581,480151,497269,479717,480720,498344,494416,478280,483063,460505,494532,469770,457290,522380,500697,503790,470952,469956,491265,502034,501910,481391,517650,490410,472015,475534,480233,470665,480581,464239,446558,472986,466161,524861,486052,500662,484071,476214,519965,502653,507454,485518,503706,464737,473044,
31000:498574,499785,489153,481087,519759,527146,472400,528340,493224,517753,499106,510600,496203,500822,518385,503396,491298,521765,532212,538234,477503,503250,505266,478803,506234,507217,478001,514694,491034,499467,487259,488708,470337,477268,503493,490569,523838,503901,495840,514745,481565,507144,561379,555090,541825,481764,522156,470844,506912,539682,489931,511786,467893,494813,489135,499813,476531,498644,571209,502327,478084,488476,473124,502900,495032,474611,528029,480876,490927,510463,513897,481496,504264,517787,481890,517747,513305,484226,478842,486536,492581,488034,478672,498596,501322,517514,520159,512318,493477,522796,506962,478881,494891,467161,505900,496544,505442,483933,489406,512013,
32000:514954,523146,526885,522320,496866,538044,506145,513541,519171,517262,564747,515195,512136,535171,492139,541132,502797,566362,521377,528095,513035,531998,496661,503481,528159,515560,545533,503930,521602,530470,518265,525773,502461,516716,561552,494192,514581,531728,510432,497218,513792,522894,514334,536962,515341,500771,514807,521496,535367,543313,519914,476054,502648,498958,496585,510116,526076,495465,580298,504781,541441,509012,548412,528312,514270,506195,585745,506037,542796,506965,524800,502058,520766,505286,508912,501607,500251,521076,507491,498921,526739,520095,531427,486330,509967,546686,533678,511687,496347,508858,521926,500152,506362,533496,520025,521395,491899,503560,543197,524405,
33000:538705,530027,520260,544441,527455,538209,547097,555878,558120,576683,575420,539118,521665,549984,526147,570550,556126,538466,537582,544357,528988,544627,530210,550875,551166,552995,513690,583566,524734,539242,509974,579001,584901,549489,537698,517594,562836,514797,579740,552878,526416,526895,524668,524512,534204,545504,522102,542176,548511,561569,575416,540040,534399,524955,550328,541601,608781,549986,557906,523537,571008,534418,534951,535577,515908,495904,525579,518803,533735,541183,538359,518025,544285,514934,551753,557545,548862,525394,553514,534642,517561,530336,560242,591599,528178,525579,525996,541804,504516,551351,552189,552886,534295,544800,516614,508737,515880,571446,532696,526326,
34000:577312,555908,557023,566213,535897,573024,544925,545741,542681,547070,550544,578018,537168,526842,567441,553010,557776,603062,524822,554860,584693,576287,549280,555440,537878,529552,535619,545762,552742,560942,558892,583283,563879,538886,538657,573691,549900,575648,573207,554970,537180,555099,524448,576743,566879,520715,573770,556956,550007,546851,535213,582781,528675,550086,548105,582231,547580,532375,551402,554363,566574,545999,551799,550823,586435,550471,537625,558969,547477,584983,555379,535073,552436,577922,567807,575779,539162,539201,539817,563979,585282,557100,573705,579563,544475,571935,546551,532231,555588,572125,543740,537700,557825,537047,528186,530479,549627,555943,562162,528610,
35000:579401,554490,552175,581049,619768,570826,545701,594000,550606,565130,568541,630880,594942,560544,542287,605205,540230,589501,561714,585819,553933,563581,558058,579445,628794,562705,573199,580387,569892,581477,586699,562363,568088,583640,588187,538875,547298,556740,581863,557689,559556,565116,553626,559869,578851,566822,580043,561926,575817,637050,550192,601412,552592,553027,588424,587344,576988,598902,583993,567789,546707,558817,557736,632592,630819,553923,567240,566418,568401,548409,560977,566895,584944,567076,536723,554155,555025,565854,537323,608776,606960,552003,622611,573619,575535,596159,544959,577555,608211,549951,573000,562831,604363,536430,565606,562930,580804,610607,615476,572775,
36000:587261,580937,568119,576053,615389,560594,594315,602191,574173,613103,570137,599541,579371,561911,584074,574567,607787,589629,594783,566917,601992,587740,591477,576793,567968,608808,582573,617056,588091,586966,572377,606629,614370,579524,595482,590517,593059,589152,573721,572061,562017,581285,596665,590190,566500,620947,603725,588774,631220,628860,575632,562867,590915,578065,652814,581613,538423,588168,613663,603098,585325,563300,611908,575503,586197,624737,637554,593793,607834,574106,587210,588083,598991,596596,589196,639916,575658,612365,609134,651920,569477,592172,602161,617451,603027,613481,587617,571814,562345,614160,595309,585627,559972,618927,572643,629539,597277,574970,588320,559565,
37000:597119,639148,603867,604525,591060,599372,607022,621825,610455,609360,625303,604402,613771,581730,608327,618207,609496,601422,608926,622181,591380,634485,581920,610626,606473,623539,655622,613523,652049,588443,649765,599802,626481,623524,598376,632418,639296,615800,598954,591793,619445,650155,585671,593055,589932,585269,609519,667646,618071,586366,611828,612391,623771,573335,595509,602265,598040,607596,602454,626805,623497,598636,597571,609477,643867,569590,648725,595185,641212,599197,604099,574644,587860,626704,586976,630416,583367,583642,611168,619879,602520,641884,585323,643832,639420,665423,621327,611135,644979,608351,587221,619734,570626,612676,653301,616491,611265,601661,609671,573272,
38000:633032,622327,655750,638179,605273,624498,677432,656336,643558,621959,627418,609926,686794,609377,615265,636627,605934,615020,646679,610043,645049,626745,646780,641694,672310,635318,612080,636493,646454,630577,652658,621337,594077,637750,614548,606995,642168,621836,623147,600573,608277,620447,659525,600195,632694,591033,593614,623163,604819,684232,596653,648335,601690,680370,636978,632223,623361,599335,610377,598277,620336,598722,583074,665244,675500,616722,621323,618925,649053,619920,639956,629527,604402,617444,663109,617727,625795,647078,609032,637934,630910,665240,627343,609587,599366,635860,649059,622140,620821,629252,693542,623113,674933,658668,633135,623509,617759,612456,620483,609431,
39000:643239,648593,653194,637505,696881,717078,632470,669499,621843,633041,644236,683358,655072,684346,710591,652142,636601,658771,692992,625022,630839,644452,637313,657747,683328,641915,637343,629675,680740,640716,622235,608108,608084,646386,628188,663013,620215,617949,688807,622879,610708,652271,639811,650759,630240,665592,655533,664239,643769,646741,645461,655549,665681,663595,652004,637088,663889,638115,634155,650767,626387,686073,651572,666619,627799,715371,645022,654393,671786,627565,612832,654354,644846,627105,665040,605127,675722,673442,631494,628699,657167,643519,623814,639776,611125,644133,643420,654074,654091,620906,672481,688740,622637,674783,646995,630188,620490,651486,636236,698591,
40000:711756,633403,646576,674123,696100,648950,701752,630310,683256,633947,666816,678873,709707,678672,664033,701003,657767,632005,699084,648662,649696,650652,714418,665007,638638,659004,653312,658633,646345,641661,652549,637008,662373,651042,660065,649093,673172,679870,643118,652229,647742,634651,661657,682746,729329,671494,664637,660358,665273,669676,661378,743082,666292,670321,657004,640733,681587,656966,673604,636698,666507,635094,670012,663853,638184,770243,649192,691874,734647,693884,654046,660857,719865,702715,684456,711522,672850,662321,743568,703328,667353,662073,708339,686320,655979,647044,670583,682114,642863,671741,626757,643891,680676,692961,638520,666324,655488,636823,698927,685345,
41000:713169,667728,655191,729946,668127,675202,724770,661839,743664,678686,683179,726735,655563,661736,691118,660391,651346,724483,722607,713524,670223,669027,723546,678890,671153,736201,657208,687200,710156,674679,660942,670673,710754,751130,694583,672646,697521,641155,723792,752466,646176,659314,657983,689626,702159,657097,666184,687052,655288,642363,669799,672246,678810,712821,676748,655162,672606,759140,684876,734273,715248,662446,664665,666167,715376,676734,674965,656989,675852,683898,676783,669421,698796,656309,699238,672388,656074,689104,661184,658174,718463,759577,768609,685637,695397,707725,668207,657212,675052,655752,667269,680419,686349,660001,712884,688947,690497,666627,703995,709489,
42000:678557,764227,685817,673976,710636,694547,672368,746887,756611,691850,680286,697171,699241,686300,703360,688800,698004,706456,701479,737781,702513,690632,684786,680382,719536,684653,669968,739949,733129,727379,709445,721430,651885,707497,810792,679729,710622,676294,725106,707395,737964,773045,723831,675857,711434,684878,725077,699321,720952,715916,703154,669775,720031,710403,687708,713606,716404,739167,698525,713744,745859,705792,685380,712784,692442,715538,681102,687860,677427,678920,680201,691102,720147,698661,703608,692145,703816,731053,792800,732771,669042,689850,706380,656254,704358,687763,671819,694195,691923,678498,670676,664057,699023,718576,666707,701349,704855,726560,685675,676625,
43000:731241,802838,726024,727353,722589,695707,727331,691526,714629,719873,693578,703210,724124,767035,724681,735930,714374,736703,777291,719096,760197,733696,712264,688482,695497,718067,700893,722858,709813,728935,692209,736778,695458,741065,698584,725707,759371,698998,749710,719724,757543,749775,711819,742960,714125,663174,725883,804142,707205,773642,716888,699835,729504,708320,719272,718168,699013,774563,719045,726811,752671,679538,716712,728848,741319,734359,707954,679213,755713,743088,686923,736193,691312,792829,733015,684299,722883,691913,738726,691945,705065,711290,711984,780884,724438,722364,726890,726010,727571,715418,732083,696479,739248,698002,704064,718986,691291,726493,725147,707127,
44000:714587,751175,696936,745124,771522,765754,727591,790479,731247,773823,744017,725809,789294,734001,794864,752869,732224,758771,769558,717198,757389,752873,770476,737478,724468,722710,741323,733819,742469,746623,716870,719234,783712,710643,749642,723866,732101,764022,726323,755261,740220,700119,715231,723952,718743,747763,730213,743016,749422,796806,765078,718681,728189,715263,713762,708599,739982,783408,721048,722611,746440,762517,699428,808592,789549,774938,740287,834936,775031,726751,739271,733138,704025,730067,821901,799851,718428,756376,767924,768608,774497,706782,719430,715014,711931,783989,772157,767875,722970,733101,783773,744156,742136,747018,742998,838294,711066,776050,729462,718884,
45000:739994,768560,716755,774748,790470,762952,752292,728088,770670,791886,819543,740977,744744,725629,756144,759482,708122,743519,860002,751761,736491,742061,760900,714350,750084,740706,727840,740297,765349,770381,706835,727566,749037,778380,734613,755983,756027,827712,759055,802121,787347,758362,758874,816552,737237,775872,766341,759954,758136,770870,767125,743641,772099,804614,726798,749866,732190,747347,754235,748395,764994,747341,798745,823802,809856,745600,786462,727633,804993,784125,727964,774272,757594,817580,723617,782755,709827,752625,821328,726212,733237,759332,803473,762598,761137,765053,718972,731742,790692,759150,779376,797675,707962,773840,802318,784198,724754,701362,751841,719755,
46000:780100,757145,780234,769093,754821,763912,884706,757110,771776,761986,760232,851862,822649,789080,773695,789488,757231,745880,773695,747874,798641,791286,780777,761251,798963,759900,846641,771273,797868,773718,754323,807585,786617,753703,737298,789317,742579,756612,793557,747655,785056,813215,770456,832893,812562,804566,759315,745310,805603,795393,746833,742700,814850,842006,725431,774043,784568,774105,799309,757577,743531,754985,761579,767368,775597,763550,763072,775679,766105,803132,820600,761069,836188,833994,821894,763507,874524,779707,779254,778764,738111,776538,774533,820087,759632,791385,748166,774330,795398,769507,814746,759191,772886,747271,830489,745018,744733,818837,797384,781941,
47000:777742,775948,802442,837862,838967,801681,773962,797103,802871,773946,778560,841612,849210,744550,754168,755181,765820,790417,780580,832928,794427,766473,775395,801923,883457,871873,820903,781361,835250,824399,822976,771881,817500,763181,792393,789448,828184,771579,860943,817084,791395,793261,847094,820694,820780,766913,792891,814677,799231,819185,774776,826974,813688,758536,879398,782489,818790,763554,789270,800030,776814,801853,848982,807415,821871,805967,828699,766241,764576,796692,812271,816269,790452,793198,784469,746653,769778,775790,779745,759766,784339,785170,774535,857823,796589,811326,803657,801248,828738,770074,846454,752037,829115,768088,886650,898595,780482,834206,782266,804189,
48000:783959,847193,781647,783020,782069,807896,846579,843385,840739,844425,794138,778049,821253,829468,782130,793681,836463,821609,791102,768410,805243,809459,808236,844963,819397,777790,860328,794897,810933,808229,790007,856879,818619,848312,849459,788048,858286,924046,798757,781925,820587,852580,812402,800529,770393,761834,796962,815026,803313,836879,820190,848980,784866,777672,815107,948245,830114,833033,776572,797051,870353,810187,887839,820263,821239,887186,837174,769906,786241,801241,781412,790967,874666,819788,791843,768073,796107,834603,827857,807123,882543,853501,775849,822565,788409,829392,857245,837515,790060,842985,792981,791476,874280,814722,848900,797199,797489,782341,835227,797395,
49000:825755,800198,827149,852565,846083,819345,814782,872648,779047,857534,775029,833922,832927,829585,860864,878577,838760,809538,818458,853644,821144,806026,806533,911125,864945,808055,838807,863485,850123,822834,864907,815294,829175,828318,829113,845933,837368,796518,804878,835652,869592,855303,851539,813729,881084,889289,889302,860939,885983,869604,874438,839255,848137,808165,793008,827082,850497,853241,814714,844762,807818,887227,827401,911433,853600,819935,880601,869216,862616,893730,807444,799642,805971,815322,813040,851652,831058,885231,804738,906424,830905,866623,830930,826875,943718,790205,813843,893901,869698,823425,804375,821641,805901,851674,821823,847808,835786,874553,828358,904768,
50000:834601,850876,861217,880724,862701,833869,828138,843883,867944,815020,851738,858981,878127,822106,868792,890240,823499,816797,854186,835303,870069,845567,881029,859462,834028,899646,902543,830892,884065,928040,905887,929101,838448,818035,844662,878815,817069,799049,866474,853902,861520,827401,892289,830182,855791,856783,842628,857005,870643,855192,898668,832619,825329,903083,863137,850693,866863,867048,835860,847513,871691,824041,868648,827699,887043,871717,829145,889792,897815,862897,894935,865806,883164,842891,857883,903280,888682,886211,830970,851569,834609,852883,816638,922742,949647,911413,886113,858294,831750,835282,873108,794834,887292,817788,818066,864943,880059,877649,836295,825620,
51000:853239,847480,854594,874345,837086,899414,867123,911352,889288,858338,864740,943535,915545,864075,885823,850007,828872,837579,876073,822991,909652,829303,835532,856071,882667,898792,868541,841046,877137,866223,871831,834151,902762,840482,938166,857157,863128,924336,840497,849386,860764,964261,867309,909732,872242,970743,956078,881286,835801,890413,928019,906338,878202,919680,878321,861019,876925,879982,854651,832965,843243,816542,871559,892585,871498,843019,869585,859503,845319,857282,882987,978792,837954,992279,867952,842606,880147,850523,888220,856759,882465,872242,888560,825791,828733,878595,865038,873239,841354,853440,852326,830162,848642,891507,896220,912524,891951,864719,850144,889630,
52000:888197,884796,911823,909646,858058,918718,889321,927215,877178,864423,916819,876312,935986,908073,865348,875726,945416,870789,891559,884230,893999,888096,893513,905070,893702,877090,842340,912848,885513,907730,866071,896228,985630,900662,896084,867456,920945,943605,911551,899081,857908,933131,917125,859630,848715,862652,896447,948817,912006,946148,890767,911620,875737,887920,893781,878912,870899,907989,928920,1007824,896362,890561,901656,901308,869501,874639,916627,882485,898574,906469,922319,853103,897114,964868,900839,842359,936181,852058,873799,954521,920237,972421,919091,886066,935997,895133,917690,845826,891729,891774,877647,850707,881252,926234,913867,870809,849064,860744,891905,918320,
53000:923823,883181,938935,880840,908794,878569,863275,957535,907347,914548,860472,964962,919207,978271,889849,916070,892465,909594,920351,950451,905433,935015,923953,908785,895762,910342,964722,918896,1006611,887859,1024139,863693,953284,918074,856427,877174,904700,859228,923683,980791,933303,936220,878330,915899,999393,909286,932811,892924,891595,921979,892985,937511,1051304,901364,932171,918413,905378,944375,967720,900977,887490,872720,905526,904194,884953,890217,966725,898571,952877,935173,901324,897569,942034,890694,900310,910560,879814,938887,883233,940791,909843,886765,936656,910770,914483,875958,918459,896767,876218,955907,892108,871129,984843,912907,907337,866989,921233,984088,900271,953386,
54000:924558,1005257,925955,993707,950318,919692,965114,964047,918491,940781,937870,946436,903715,980646,1001027,886103,933961,910185,880968,994735,923603,945897,921942,944212,918703,887697,961191,982450,869225,917640,936555,964663,895845,956365,989275,919734,1009629,892064,914154,875151,921405,902881,899041,913512,937371,955970,932329,922295,959426,911203,892185,933984,894503,982844,916191,961557,1026103,978786,902125,994818,897745,964741,949311,918478,973428,937573,945398,920066,962719,1006743,902069,926560,936065,900058,928444,938032,927851,953140,927446,918251,979836,920698,957866,973195,933832,965953,887937,1015089,934071,912696,886625,905933,901727,928932,996426,937643,911607,963076,900186,910385,
55000:918181,915259,897650,920593,928716,977342,948572,909604,924730,904238,916286,969330,973833,910961,939207,909281,979279,950528,887088,939012,1032486,1041101,952420,978581,1004798,1020282,915389,931165,966529,906886,902865,1035540,922971,925263,1016733,910852,938773,945198,899034,987016,971957,930346,945434,910577,907658,926543,1109558,938969,1000776,935329,940295,933396,932080,968039,939852,905939,940208,913012,939424,961809,923465,899613,1075382,1013605,940290,953660,902662,968070,1003142,924536,963782,928026,944355,936173,933856,927651,898355,958885,985433,931216,922917,920072,907041,969538,944730,924362,942888,910415,914360,964538,951749,988843,979863,967002,902857,911282,1048563,896624,968003,945053,
56000:985411,949252,970587,999928,943886,927639,967699,958047,1004552,961620,953753,1073942,921452,967222,929130,918501,944070,1029871,952692,996262,926398,945609,1030435,1047828,972561,1004017,968565,955147,959681,972869,960299,958683,976601,917700,996819,994360,1011762,929531,1016868,999544,981412,1000972,963311,966894,974044,1008421,962925,942669,949882,989903,994869,923888,954479,1016593,934930,1054646,945634,977147,929981,948157,970855,945503,993940,978099,991973,978082,963149,986742,1058199,988745,942487,952538,943847,941308,990389,952780,919665,966425,979729,1012891,959046,960119,1079876,996386,957481,956843,925705,947168,963782,966093,959421,1001796,1022665,969538,952148,922621,942287,974740,941959,994188,
57000:960074,993688,967048,1009917,1032575,995326,983146,937941,1008000,1019847,1022816,1036076,965545,975080,959433,1034517,979726,1018114,1065650,961562,957197,992608,1030673,991384,941603,991861,1042951,985352,997510,952947,993272,948257,951331,1051437,963279,969349,1099225,1044893,1018225,1000503,937175,973778,1008834,1109170,987082,981368,1025423,996127,990350,961294,1009035,954555,934936,1012365,1015316,947744,1018884,942439,971822,963168,931367,1026273,975256,965902,984258,999502,994268,972158,1023968,996283,1042451,1075619,974297,1012992,1002285,1035751,957209,1005414,962041,978054,962965,987553,995940,1004797,925511,931380,969041,969448,967129,1031493,992577,989016,1050521,991593,1008293,1008255,978174,980553,971418,996387,
58000:1026526,1016670,989201,1021319,1017927,996144,1064595,1027835,991106,1003028,1020521,1053526,1028255,1005583,1096507,999322,985648,982590,1028126,965017,1043099,981144,977456,1114539,1022026,999681,1022643,1023584,1019657,1023108,996989,985501,970149,985509,987516,971218,1017896,958149,1041067,996959,1035714,974141,1015345,1114178,973380,1001171,1016952,995976,972794,975252,982558,1030475,975617,987611,1022344,1051764,1013065,1051834,976053,1042539,966124,1016989,968523,1004924,974520,989458,1026241,1074257,976472,982492,1048598,969355,963760,1001141,1062312,1039108,991967,1006596,1033625,980860,942938,1003163,957724,1121264,1165832,1010438,1089162,970405,1014476,991193,1017922,993902,1060522,992418,964486,1016649,997479,1022210,974558,991224,
59000:1151589,996478,1032181,995029,1038293,997935,1001027,962839,1047994,1036115,1020356,1052093,1129457,1035566,1003831,1078170,974458,1015801,1060799,1024839,1042790,1107684,1057001,990840,1018389,1007211,1032123,1011565,1040132,1050060,1024822,990922,1034613,995943,974860,993103,1048957,978514,1037883,1094780,997903,1033539,1008601,1073449,1024812,1073758,1102554,986041,1111255,1080781,1057445,1064188,1116016,1020249,1028634,992341,1063659,1037270,1113460,1039825,1070975,1058946,1059037,1069081,993088,971771,1003775,1108742,995652,1050592,1010064,1028939,1121649,1038302,969322,1062014,1060777,1191591,1013527,1021878,1054630,986108,1135560,1017941,1056767,1034864,1035025,1058149,1010202,975341,991394,1047927,1060873,1022482,975115,1049808,966897,1079721,1080691,1098262,
60000:1001333,1053983,1070103,1113014,1146790,1025862,1024638,1069734,1039120,1077153,1098018,1016946,1067989,1014743,1021359,1111185,1057478,995209,1071151,1006004,1070275,984101,1070315,1033870,1078372,1034149,1077660,1005160,1039985,1026375,1032450,1013152,1080465,1043068,1165198,1060791,1135987,1044908,1072093,1009750,1077736,1014310,992265,1082896,1029140,988633,1040744,1080525,1054799,1029604,1071323,1091072,1055052,1053533,1025193,1001199,1026558,1001471,1028648,1084029,1171165,1053305,1099149,1038169,1062004,1036271,1076903,1049229,1051472,1103982,1048659,1067213,1037754,1087020,1105204,1054522,1051928,1090011,1074128,1037273,1015041,1045036,1076549,1017858,1120173,1060223,1016340,1103341,998360,1009578,1076390,1058765,1070904,1057809,1126483,1043559,1026259,1001622,1019646,1046376,
61000:1121175,1060182,1031505,1032033,1115602,1089780,1023628,1073498,1131003,1046374,1089665,1084543,1090228,1173807,1125366,1043183,1141474,1065124,1073068,1120549,1049811,1056332,1108639,1047659,1090479,1057739,1086753,996568,1147557,1039812,1039075,1068311,1052077,1185148,1153506,1067554,1083174,1099694,1152579,1224341,1030793,1066320,1047858,1160227,1074214,1037607,1068113,1068879,1072192,1048190,1033318,1028865,1042566,1074855,1093817,1013852,1133666,1075558,1116630,1101875,1046234,1078550,1060194,1074395,1129346,1080181,1063394,1043867,1082734,1015479,1022316,1070920,1015974,1071080,1078470,1035351,1051664,1023270,1234745,1038346,1069269,1075944,1070418,1129061,1070524,989874,1062822,1021421,1072447,1025361,1061497,1141016,1052449,1047829,1057746,1046844,1048596,1146286,1042150,1036071,
62000:1132368,1073149,1070208,1132729,1065766,1063550,1063973,1074117,1060790,1041238,1154858,1090328,1140939,1058382,1028216,1125710,1046099,1071410,1122562,1085876,1081769,1081476,1104572,1061226,1071526,1053577,1058201,1123822,1052080,1078531,1089196,1071399,1077859,1121328,1188220,1074285,1089235,1025451,1134242,1247263,1137622,1144903,1048093,1075921,1079939,1046013,1131650,1119557,1078525,1159194,1100966,1134444,1086944,1141817,1089741,1176473,1113705,1059115,1066853,1124493,1107412,1107119,1028482,1124730,1153466,1114903,1147634,1107808,1132932,1143254,1043164,1094612,1104624,1075282,1144349,1141282,1079486,1179495,1080101,1087158,1087831,1026953,1029757,1054363,1057462,1056440,1123517,1038723,1084279,1066284,1035672,1154530,1142077,1147928,1143793,1012780,1293610,1065567,1087973,1117860,
63000:1081733,1151044,1096068,1067443,1087686,1050683,1097840,1130857,1127969,1071536,1077804,1061554,1103049,1091578,1095745,1117092,1073746,1094540,1083605,1124105,1061774,1102165,1136328,1141661,1059263,1084259,1128007,1035310,1107554,1180543,1063645,1127654,1159006,1047782,1136686,1084809,1063899,1136247,1130413,1088676,1086815,1148639,1081021,1127214,1079189,1100957,1125605,1103047,1196626,1084646,1134568,1092881,1116871,1117469,1077443,1036512,1047696,1145039,1074699,1093892,1090247,1143788,1170823,1096337,1043571,1136056,1074121,1103472,1096394,1074391,1213745,1131208,1088920,1173192,1036114,1086961,1103707,1108794,1139809,1124399,1117576,1051631,1112567,1079230,1137814,1071109,1129144,1094089,1064748,1087511,1080816,1187058,1154629,1093729,1087720,1100942,1117260,1088159,1053541,1101596,
64000:1159508,1182193,1109611,1119924,1092995,1144961,1078815,1200502,1098165,1135094,1171092,1117740,1125796,1163916,1089117,1202238,1086023,1093081,1147951,1242780,1103933,1080952,1073383,1116042,1155050,1110404,1114534,1082923,1147439,1083374,1114621,1125995,1133438,1068036,1124287,1126036,1180143,1106353,1060294,1095931,1169398,1094375,1176527,1091066,1129365,1099893,1066904,1058415,1129223,1086443,1144655,1118409,1141096,1133228,1095197,1086557,1172727,1136787,1130709,1149474,1108072,1086032,1182996,1157130,1051799,1132854,1127255,1096660,1228484,1115948,1157231,1153536,1098520,1105065,1106993,1070591,1103360,1123862,1095031,1088865,1082487,1130952,1115468,1126742,1167754,1160084,1113662,1130445,1128670,1093304,1068512,1147167,1158923,1090943,1120657,1162574,1129620,1095726,1074043,1150470,
65000:1104845,1143204,1104348,1120477,1096536,1122061,1109105,1178128,1120059,1156668,1128384,1119440,1108354,1157200,1149142,1129771,1192597,1160090,1102670,1167214,1193199,1086940,1130115,1103954,1088278,1093588,1191289,1190891,1125715,1087437,1129754,1228426,1172008,1101141,1110810,1180697,1134128,1124297,1220691,1066340,1115315,1142807,1111668,1117684,1113142,1220419,1124215,1176899,1100598,1138669,1145828,1156578,1130781,1094800,1118644,1140706,1145241,1226623,1125774,1157197,1103795,1128738,1131625,1102377,1114828,1154160,1118430,1155136,1172515,1149448,1140124,1143084,1135026,1131921,1139820,1163412,1186070,1156769,1118124,1137909,1090262,1158424,1104967,1151617,1094942,1130023,1171031,1155299,1179193,1189609,1134172,1209694,1233960,1176675,1166863,1183234,1156535,1101863,1099048,1317697,
66000:1111370,1088642,1125966,1191397,1163347,1146279,1168597,1131266,1183939,1216180,1097977,1262736,1120468,1247067,1176132,1162779,1171432,1149098,1129458,1155718,1213278,1217143,1203331,1177074,1228491,1115699,1206370,1215271,1170341,1110319,1225318,1115847,1146118,1202839,1120518,1175670,1139173,1134245,1093864,1138357,1188755,1186936,1190473,1144586,1245765,1107211,1184956,1141397,1125383,1171369,1141357,1131941,1122607,1115093,1121425,1246782,1149230,1236240,1197893,1141340,1179028,1225506,1219314,1170032,1151585,1151739,1155095,1099082,1303816,1231174,1137309,1203255,1088631,1160822,1207050,1174939,1195499,1148129,1162860,1161468,1360758,1169631,1186418,1170181,1178874,1179590,1175587,1177372,1152750,1196448,1131562,1093643,1106807,1184824,1267880,1145228,1166974,1156472,1112947,1188164,
67000:1201794,1163687,1151124,1125767,1139431,1134388,1195351,1171402,1212969,1137577,1203144,1218245,1172255,1242386,1168830,1173924,1197183,1200325,1318686,1198783,1208222,1196349,1165897,1227289,1154147,1144959,1180100,1233742,1182906,1195218,1178645,1193484,1112677,1204874,1232061,1155563,1239966,1176225,1170844,1159940,1174059,1134552,1166715,1156866,1143799,1194733,1140819,1146950,1167533,1173495,1210000,1225538,1184108,1144419,1213839,1241477,1211994,1130018,1227739,1188078,1184697,1197892,1181793,1228135,1158450,1221108,1208222,1155537,1157888,1183899,1168203,1160020,1168345,1137615,1205431,1182284,1286133,1162829,1166023,1166316,1163115,1296755,1157389,1182283,1162580,1276643,1238284,1154034,1135424,1171005,1239167,1117676,1145512,1276809,1202243,1167798,1113235,1171534,1158840,1286930,
68000:1205145,1219005,1268649,1160012,1182066,1261856,1226430,1259345,1183261,1180767,1234091,1219786,1208251,1176620,1196333,1156416,1161828,1239839,1165444,1205351,1177111,1192647,1366303,1280732,1166378,1155757,1180800,1147133,1224937,1226186,1238203,1179963,1236000,1241846,1157390,1245529,1222305,1211105,1206272,1188523,1207215,1198986,1196246,1223090,1220545,1172942,1161260,1199005,1216890,1153671,1205456,1189785,1217644,1208331,1170716,1218189,1296193,1251374,1196813,1247385,1195006,1293077,1189009,1385155,1228978,1205598,1171152,1177198,1157398,1304579,1163967,1166466,1158350,1197070,1161674,1226614,1238208,1240048,1240133,1228738,1173660,1194207,1160738,1270725,1255185,1180977,1229604,1207949,1269296,1232130,1213434,1248129,1250537,1198899,1152194,1185325,1207125,1156261,1299890,1168420,
69000:1233034,1244376,1152406,1216871,1290021,1202336,1205083,1236560,1240437,1321613,1224970,1191991,1269682,1208936,1212492,1178095,1261966,1200834,1191242,1306367,1177762,1174250,1196195,1215070,1290877,1230079,1230086,1184338,1206051,1259768,1289290,1216404,1223822,1260339,1253265,1287488,1426677,1268768,1177510,1234237,1148992,1325343,1173133,1151336,1188346,1204201,1290529,1176728,1219156,1239850,1182732,1191165,1285188,1244486,1270571,1246464,1183760,1317988,1325275,1232621,1225114,1228138,1146812,1254400,1172782,1214071,1240161,1236687,1220222,1273892,1187257,1255945,1210294,1262689,1188726,1287561,1190651,1218405,1273711,1253790,1262748,1185103,1270986,1241867,1254069,1257648,1234852,1226369,1192552,1193273,1250486,1390045,1221009,1229977,1289837,1200959,1198108,1277056,1194107,1205981,
70000:1293607,1165712,1188893,1165477,1226220,1267314,1238285,1301866,1271606,1278738,1226304,1230196,1256121,1249965,1300980,1206299,1226810,1304318,1231169,1244228,1202752,1265695,1293915,1218098,1212277,1189768,1299106,1264274,1231128,1288435,1192454,1181435,1252191,1250919,1182636,1260951,1319465,1263533,1181570,1332449,1246781,1221420,1325978,1202187,1224865,1270482,1293671,1239049,1272852,1280509,1196453,1258993,1224677,1221153,1234444,1217834,1226503,1309465,1270336,1294569,1245749,1213660,1302171,1236772,1326663,1217212,1293881,1316165,1215781,1203015,1265100,1231105,1316944,1295880,1204287,1237700,1301919,1249367,1219207,1323815,1212985,1201616,1168259,1298762,1289671,1232680,1239716,1325840,1225927,1296873,1235268,1213962,1219752,1265581,1220896,1257777,1271389,1191779,1211305,1184497,
71000:1287852,1240523,1275503,1183486,1210845,1247057,1247226,1302104,1350326,1264449,1251052,1280402,1203631,1215590,1311492,1311332,1325815,1300953,1290993,1276738,1336985,1263549,1207708,1310282,1248567,1238601,1312622,1289371,1255944,1253139,1333345,1239315,1254742,1263187,1266134,1287328,1223680,1298019,1239805,1250733,1250904,1259910,1282723,1275974,1244196,1255202,1231948,1253919,1238801,1205870,1207582,1258551,1226156,1236104,1245397,1216498,1234846,1204552,1282539,1246203,1272124,1231993,1350702,1260168,1313928,1227507,1203261,1287172,1280751,1275936,1240790,1285175,1279409,1322447,1231115,1216867,1233478,1294583,1332346,1300842,1190575,1219303,1218535,1242981,1302091,1222859,1258194,1227892,1242250,1310795,1261443,1244117,1260196,1285516,1243424,1194668,1366896,1239697,1262749,1234658,
72000:1333588,1305366,1299223,1326808,1280456,1310957,1303607,1267069,1282873,1276442,1225196,1292738,1304553,1329274,1392052,1201995,1259166,1296125,1226146,1245841,1232785,1228642,1236909,1299150,1262139,1221624,1257313,1392344,1285815,1300248,1270368,1261335,1249451,1248704,1260178,1335097,1273074,1311738,1327460,1375885,1329755,1267400,1227150,1268346,1326401,1244309,1276620,1247590,1246085,1358092,1245719,1403938,1419549,1264844,1335816,1303292,1288198,1336128,1260949,1193321,1299716,1392299,1380686,1276500,1287293,1238461,1304639,1258252,1271123,1256624,1415296,1325819,1229440,1332633,1303239,1232584,1236630,1293586,1203898,1285899,1267869,1249079,1260663,1223771,1287024,1289599,1307522,1328778,1255975,1224939,1310054,1395393,1394486,1272311,1380433,1336820,1288889,1279301,1345028,1294153,
73000:1303276,1340688,1331112,1327323,1300952,1240184,1385821,1249262,1357481,1269692,1239897,1273376,1381353,1306215,1291752,1211461,1290589,1277394,1300823,1258291,1282274,1290485,1310665,1308761,1263300,1310202,1267180,1305014,1300347,1298381,1335180,1304686,1331612,1249196,1301088,1437483,1307643,1298864,1446332,1225557,1293143,1259652,1276671,1283943,1259206,1245308,1343673,1297265,1281052,1322992,1318230,1272740,1220400,1331628,1272515,1255213,1294471,1223415,1262690,1356418,1374428,1343478,1338423,1295865,1241113,1259220,1312798,1246569,1347660,1406960,1250386,1302771,1261819,1295991,1355122,1379357,1273261,1294296,1327613,1270223,1292319,1426443,1318422,1300523,1369697,1351993,1331626,1267991,1358462,1391014,1390679,1262569,1256877,1302114,1317942,1345339,1364245,1331882,1289213,1311606,
74000:1327022,1385749,1329380,1349091,1291334,1358951,1291721,1291057,1328987,1259173,1420192,1277288,1396791,1264583,1324313,1295005,1318369,1403793,1278260,1405856,1332587,1287501,1357331,1322723,1308349,1425825,1301365,1273058,1265281,1343166,1321870,1343694,1394036,1279731,1360198,1275216,1329436,1277114,1300384,1435295,1326340,1342085,1285724,1325560,1321043,1346568,1377482,1294273,1411761,1307655,1357105,1345362,1324487,1258068,1316361,1302291,1413558,1333803,1357635,1327090,1339723,1453235,1376329,1281459,1297463,1376099,1286700,1269249,1265152,1270322,1298315,1302833,1306445,1346825,1337438,1431476,1293747,1278947,1334918,1346059,1354302,1320773,1244484,1312480,1305093,1366156,1300324,1320262,1282598,1427510,1413074,1288559,1271481,1335059,1354497,1314521,1308441,1471130,1294385,1361878,
75000:1297375,1374537,1352036,1394596,1399145,1320362,1311048,1411192,1331963,1281065,1443956,1369506,1366648,1349665,1321066,1400759,1398532,1366018,1269650,1306580,1308611,1300939,1311362,1552995,1306086,1393963,1251566,1345331,1310918,1388907,1278267,1344568,1298494,1282316,1340623,1516871,1338739,1358119,1271095,1331532,1338581,1406281,1330233,1328973,1380210,1345698,1459450,1316026,1334773,1321242,1351736,1345859,1367016,1387604,1359246,1309466,1339339,1389230,1318566,1283015,1354813,1344550,1327230,1371900,1380634,1414362,1325633,1294650,1332967,1312128,1349633,1374067,1291971,1450952,1395819,1288733,1295521,1310425,1262488,1315750,1396420,1254277,1357945,1299904,1303119,1309498,1353240,1354009,1267399,1278035,1378019,1345598,1265145,1315233,1365496,1334723,1302599,1443318,1372430,1314447,
76000:1365297,1389738,1309653,1389037,1329841,1355301,1490690,1300275,1358117,1356799,1349172,1510030,1315236,1383668,1333952,1295538,1386341,1348846,1356046,1327198,1343160,1452799,1359706,1449390,1338395,1395533,1425405,1431503,1310979,1337301,1310956,1291321,1366883,1399219,1369045,1318242,1346262,1395053,1335584,1383468,1367347,1400373,1368329,1334338,1312673,1343207,1404727,1311952,1369154,1428738,1317881,1399907,1343989,1324715,1364170,1389633,1356162,1396153,1339634,1355691,1381844,1380801,1270395,1336067,1382852,1460328,1349720,1437707,1376267,1324493,1389415,1404299,1349054,1367770,1360851,1353828,1368175,1360301,1301610,1398180,1437752,1327055,1366872,1360893,1350585,1303472,1410203,1315925,1400519,1335301,1354296,1416127,1357375,1402603,1334082,1336409,1365042,1462490,1369215,1416947,
77000:1344377,1352576,1358595,1379046,1354180,1393157,1374077,1406153,1476343,1410901,1364210,1346445,1343562,1357974,1420871,1400468,1476820,1368031,1333020,1364426,1297990,1364238,1355513,1384315,1349135,1420807,1351135,1336499,1322835,1369169,1427469,1307582,1320633,1400451,1366361,1348219,1390714,1340791,1339164,1333846,1369188,1327073,1350151,1446024,1418449,1386915,1379031,1386146,1359933,1366628,1379700,1362366,1352827,1337381,1408640,1442675,1382929,1457246,1326067,1365828,1347516,1345665,1358236,1419589,1302775,1320251,1446970,1385349,1363040,1447404,1526907,1338363,1329466,1337801,1442166,1404754,1378512,1387431,1536749,1412856,1422917,1348819,1476908,1375623,1358937,1379939,1348920,1326344,1348793,1353526,1376809,1326983,1419152,1367694,1447002,1468006,1393378,1396113,1464186,1440031,
78000:1417786,1432643,1536623,1405820,1430455,1341538,1384664,1369604,1408813,1339726,1407504,1351939,1413404,1414664,1359489,1410892,1345859,1377204,1415177,1373781,1342789,1381153,1361610,1400157,1346806,1328462,1412684,1410524,1435037,1366981,1327079,1386105,1474060,1422583,1367551,1432041,1513801,1453972,1378196,1376071,1450325,1534662,1399546,1421162,1363533,1383518,1396210,1341921,1402163,1421756,1349557,1432193,1514222,1431401,1399410,1457914,1316339,1376931,1419593,1406258,1414409,1343507,1335740,1362375,1411658,1411533,1455455,1434796,1370023,1327027,1330403,1408154,1398397,1450988,1436756,1391167,1413889,1453744,1355203,1403904,1420214,1383657,1364764,1492913,1419255,1405942,1366861,1345134,1391979,1356953,1390053,1343052,1347142,1392651,1395943,1344963,1556424,1452987,1472382,1343007,
79000:1395385,1429708,1360429,1397451,1395048,1421543,1458713,1339516,1461825,1385582,1436227,1422103,1440620,1351851,1417242,1409283,1338029,1452170,1456095,1535828,1424659,1469242,1358839,1472960,1457527,1394565,1462464,1426268,1453242,1447190,1425397,1426099,1313978,1421693,1537532,1382347,1452939,1361607,1357640,1408247,1402234,1470168,1491169,1392272,1360105,1452069,1426358,1366622,1371383,1437736,1468474,1430986,1460114,1403348,1438867,1440972,1409819,1487449,1503635,1549933,1519928,1402682,1420691,1411769,1393901,1482926,1453717,1464573,1340377,1560889,1427159,1397791,1475995,1461926,1396376,1486176,1593673,1478884,1463317,1436410,1393525,1351909,1460834,1427144,1544028,1458532,1508582,1347803,1402494,1438932,1377567,1354883,1381467,1380186,1397723,1411607,1377708,1453255,1429357,1381920,
80000:1395591,1408391,1377465,1413052,1432534,1441490,1417636,1467153,1368695,1422496,1375029,1512829,1436217,1493872,1459514,1365631,1470627,1441979,1376082,1532927,1440440,1389611,1488113,1374120,1513595,1438779,1426035,1439002,1427287,1358700,1397174,1455784,1408491,1460515,1433103,1467138,1447665,1445656,1417741,1369490,1425884,1369564,1450665,1408782,1604659,1397659,1386975,1456775,1398290,1435504,1459174,1420330,1389646,1465809,1496659,1468677,1451198,1408125,1484077,1630710,1422144,1414246,1435214,1407223,1409612,1420399,1553001,1505318,1443796,1403374,1444657,1514106,1410728,1425986,1414134,1460539,1423869,1389632,1541691,1379714,1428251,1408799,1467705,1427466,1368367,1425138,1355991,1475161,1365655,1483270,1511633,1551242,1448469,1407215,1506008,1568480,1527322,1383051,1393729,1388127,
81000:1508519,1401314,1478935,1451059,1423942,1440210,1460004,1485866,1402322,1495814,1486352,1513011,1447692,1446346,1404247,1417895,1562386,1491804,1459215,1428823,1467527,1416862,1428939,1372809,1447315,1468517,1405484,1472125,1540998,1442448,1396474,1414924,1524999,1516684,1571289,1425604,1483784,1519889,1492382,1423087,1448335,1511445,1419827,1479567,1423875,1433645,1520771,1419037,1404478,1468790,1405094,1431505,1453944,1505117,1452460,1456528,1545203,1431084,1499870,1512838,1383970,1489560,1412373,1424544,1447813,1402426,1428154,1497393,1618933,1471724,1474782,1484748,1484384,1425424,1466731,1458369,1472366,1412783,1434541,1470456,1423223,1459508,1443636,1401828,1488343,1461998,1486530,1581081,1449687,1583298,1480951,1473844,1430976,1411287,1442555,1586279,1472068,1474960,1493426,1432787,
82000:1559879,1472866,1480409,1488480,1446785,1536874,1538914,1439688,1599719,1655039,1441964,1490377,1469343,1583802,1394106,1426909,1509830,1445630,1510984,1462605,1518798,1490722,1445221,1494824,1553447,1496320,1504402,1543723,1564876,1525027,1428094,1431185,1526118,1466832,1428173,1495028,1440414,1423363,1477639,1516893,1479882,1472637,1463567,1444322,1491829,1498224,1428374,1447673,1497776,1434010,1422803,1582837,1552188,1495663,1470311,1484111,1430468,1462790,1420694,1662987,1472290,1503756,1471026,1516581,1428929,1493658,1428008,1508318,1455905,1444004,1430280,1507708,1483125,1455084,1461719,1422980,1575055,1534161,1485360,1441863,1572674,1442952,1506945,1399990,1490153,1513665,1426856,1422870,1585643,1491155,1448140,1442305,1447113,1558413,1522220,1456020,1486196,1534372,1461380,1507913,
83000:1615090,1478962,1487575,1408736,1538553,1480810,1507225,1523750,1463947,1458479,1511171,1551045,1552104,1455597,1453727,1517865,1488145,1596028,1512148,1516878,1566598,1511810,1553472,1619563,1523596,1591837,1459526,1539155,1454828,1455984,1499321,1515902,1491213,1467755,1449753,1498892,1529440,1584129,1612849,1588814,1679966,1506185,1777039,1484363,1439321,1509655,1445699,1458209,1463492,1469131,1498305,1478051,1473335,1483157,1495200,1477389,1467745,1527287,1489844,1495444,1448961,1486870,1449478,1513405,1533928,1740902,1592575,1440450,1645534,1495703,1532059,1667217,1460446,1488605,1517450,1504146,1429588,1558983,1491782,1570437,1569184,1573477,1510046,1487711,1488780,1418829,1467802,1467420,1550080,1511089,1472212,1518115,1479214,1585100,1617667,1431682,1512944,1583628,1546014,1477638,
84000:1512858,1527055,1496587,1502923,1440233,1467721,1537252,1520821,1464758,1554779,1550298,1441585,1565503,1465166,1455343,1530048,1579709,1549553,1520447,1487816,1439221,1460624,1534342,1540067,1503436,1538284,1594785,1539266,1532030,1551926,1489773,1518678,1451112,1536776,1540637,1602717,1570584,1510492,1580569,1498608,1557782,1545363,1571455,1588996,1487714,1557567,1570597,1534779,1513839,1489298,1613508,1562253,1476692,1491842,1509322,1451375,1548673,1480639,1499641,1681300,1520118,1592061,1732970,1515150,1477288,1547611,1459044,1594528,1471022,1569893,1518213,1535269,1631749,1539921,1449249,1467098,1616871,1567773,1454836,1445130,1464610,1491528,1541653,1539817,1535782,1544238,1475635,1583595,1540039,1555992,1475077,1474668,1527215,1595623,1527999,1615785,1492006,1650405,1578856,1552743,
85000:1585456,1535106,1559225,1633406,1516078,1489807,1532829,1569307,1507959,1475044,1556943,1620236,1494044,1521776,1613050,1604851,1553180,1529355,1621170,1503077,1456439,1538274,1508473,1525988,1507360,1567244,1488364,1584976,1490056,1638655,1512782,1473342,1510476,1628266,1491187,1533793,1620080,1554855,1503537,1505886,1561445,1608112,1515960,1623006,1501628,1551604,1455980,1606560,1665135,1536515,1477072,1625573,1526212,1521585,1536293,1473398,1525565,1451059,1601941,1524440,1541858,1512856,1559180,1468115,1666189,1577656,1550598,1474015,1568241,1663601,1513402,1586660,1487404,1571463,1537657,1471595,1517249,1600896,1784226,1525915,1650322,1594243,1534034,1501848,1491388,1540234,1487914,1595597,1535187,1508398,1620819,1554511,1467622,1471685,1507327,1537171,1564021,1568903,1539486,1570337,
86000:1466921,1545078,1598780,1518053,1491224,1564909,1610804,1619076,1589583,1670490,1593886,1656230,1607434,1517093,1568179,1577880,1534199,1546675,1577856,1523020,1633797,1527882,1547436,1616590,1570311,1584463,1656126,1521747,1642017,1608188,1624551,1672239,1490388,1592501,1535470,1550832,1580025,1606256,1561155,1529988,1533093,1611937,1620594,1531977,1587929,1627669,1539889,1504820,1501138,1573128,1639809,1621674,1502772,1588416,1516478,1602041,1569929,1586479,1567910,1529158,1526062,1526506,1503714,1560781,1500147,1581471,1554760,1483781,1486451,1586302,1610466,1589229,1691550,1604238,1547154,1646442,1575166,1544139,1523676,1669514,1661337,1515102,1552390,1497623,1539358,1527753,1624103,1613361,1515979,1548686,1542853,1509576,1597314,1551136,1552884,1584512,1493497,1537186,1715358,1467538,
87000:1644632,1499995,1546181,1712088,1527764,1540965,1600005,1574530,1579162,1664959,1552488,1551493,1643960,1650959,1548958,1614317,1668244,1491517,1532900,1605308,1605272,1670012,1676080,1574525,1618429,1570223,1590429,1616685,1519677,1545783,1532571,1530578,1606135,1565203,1686279,1569259,1615047,1513447,1669320,1562314,1680962,1626633,1632504,1515308,1678253,1472599,1601797,1592608,1595639,1626502,1495860,1578355,1659794,1574752,1548670,1575847,1642668,1534223,1576326,1568807,1612552,1599130,1550769,1562270,1497500,1487577,1569231,1625416,1600811,1514954,1634531,1612478,1614905,1711675,1588532,1628008,1549854,1605183,1563028,1648333,1536283,1500583,1547634,1614658,1557002,1494316,1544863,1566726,1547453,1547635,1634516,1582739,1529461,1612565,1628969,1564737,1507161,1584761,1535422,1698799,
88000:1615912,1630066,1706019,1624880,1596945,1612356,1613096,1573710,1568602,1583508,1572932,1601710,1563871,1629552,1631629,1646572,1615746,1538002,1547292,1528255,1595394,1658187,1644364,1553636,1578031,1542710,1619681,1521505,1593901,1549516,1605800,1612170,1598604,1568559,1636025,1620613,1532540,1616675,1682076,1577909,1563394,1751371,1567943,1623906,1660696,1620137,1657717,1759044,1621399,1572569,1562720,1533448,1594385,1539117,1564952,1585834,1684969,1562601,1580057,1714531,1677690,1619421,1550772,1602382,1681374,1585427,1683213,1616339,1575869,1673746,1577262,1523218,1522384,1644406,1577070,1500201,1554029,1708521,1634724,1552867,1593315,1598602,1534016,1638941,1656728,1566275,1534244,1779796,1623550,1623038,1568085,1592141,1541945,1636302,1710990,1598220,1566292,1617068,1577934,1555098,
89000:1693543,1687189,1645665,1791914,1671547,1655224,1698835,1558392,1632568,1694944,1617811,1651387,1527524,1654853,1664149,1649198,1646190,1595965,1721378,1670289,1607797,1719028,1531955,1591106,1589372,1682169,1701039,1579200,1690933,1559435,1577025,1717535,1716020,1677226,1582991,1639714,1619354,1509612,1659452,1680570,1684736,1644627,1609353,1759325,1627441,1603529,1728359,1528408,1581190,1516952,1568470,1600794,1645704,1655351,1563700,1609445,1551307,1594951,1703974,1626056,1718572,1661709,1639083,1551935,1594552,1605764,1587011,1586765,1686744,1543796,1701123,1654437,1526979,1730071,1562932,1590139,1587955,1585729,1677739,1638441,1656400,1595838,1702213,1718712,1645787,1656548,1563276,1580372,1833870,1673324,1525636,1707630,1552101,1655640,1536282,1623446,1648115,1640830,1563112,1568266,
90000:1704878,1665283,1592989,1608906,1603213,1586990,1790348,1638941,1595928,1646505,1693839,1684095,1666983,1635451,1635152,1597486,1555050,1673318,1605395,1567619,1690025,1665146,1555903,1723112,1622383,1646984,1622507,1752646,1593015,1573626,1674681,1647154,1701800,1672994,1734985,1701001,1609947,1716856,1696074,1649455,1653008,1657657,1628141,1605524,1602002,1583038,1651461,1606235,1789864,1562976,1640256,1590907,1627683,1644761,1692674,1635959,1615799,1674095,1829148,1650043,1670058,1770894,1661030,1611167,1563087,1689536,1679483,1603054,1632413,1707999,1740928,1648674,1614415,1671441,1624572,1683080,1744674,1697512,1693727,1666372,1694037,1620484,1643749,1618111,1668352,1685026,1568968,1698905,1541234,1667868,1674974,1688611,1536882,1552316,1670726,1762642,1622041,1641742,1696923,1688690,
91000:1569415,1699815,1614146,1734087,1720260,1662415,1635319,1571630,1641407,1612156,1626722,1705054,1606811,1643551,1584789,1582135,1773926,1678182,1588339,1781619,1738119,1670224,1613775,1653058,1656423,1674548,1724319,1722631,1704857,1657344,1655400,1642734,1585053,1622535,1755463,1658599,1703179,1676515,1663740,1702680,1838985,1735682,1740615,1705904,1708813,1578162,1590057,1623787,1531737,1805815,1745387,1634948,1694722,1615119,1768253,1700425,1669996,1702548,1596289,1659207,1591583,1586836,1627092,1627469,1622729,1687703,1662593,1587536,1682311,1660801,1687293,1629745,1697933,1672112,1729438,1649406,1580048,1612025,1663147,1659710,1672920,1690615,1660994,1777262,1703132,1582470,1687741,1658520,1700524,1625953,1670061,1574435,1660006,1585015,1651502,1719584,1749968,1664983,1631938,1733729,
92000:1709366,1630768,1679396,1681753,1679250,1706682,1616620,1609253,1741375,1664190,1670348,1730716,1822681,1667349,1795026,1798311,1724678,1692665,1691355,1838955,1590188,1663413,1735790,1734335,1790228,1713334,1588185,1628670,1732780,1659239,1750242,1663983,1704013,1623307,1634540,1728583,1638575,1629879,1659903,1635413,1661201,1660457,1961547,1739815,1720021,1804257,1650582,1712176,1682394,1684025,1638871,1785789,1823297,1678182,1760107,1629852,1648438,1699093,1704382,1620390,1703549,1797641,1632537,1677608,1681576,1747235,1708555,1748874,1665057,1703601,1599638,1727450,1669253,1650802,1681275,1700431,1673813,1745803,1613419,1711419,1716035,1633564,1627051,1589321,1714044,1589833,1864875,1732262,1746138,1754473,1668605,1679858,1723929,1648122,1731959,1606525,1646992,1702143,1621053,1634022,
93000:1715091,1632312,1718272,1634365,1705471,1699793,1691993,1735947,1662337,1682872,1668972,1803153,1630365,1678793,1660153,1672478,1776060,1648976,1749600,1737225,1665469,1699369,1646188,1662153,1657758,1675837,1739834,1742863,1606848,1731186,1791912,1623425,1714183,1615081,1751015,1685152,1681097,1771532,1723817,1634532,1786132,1692121,1664896,1774512,1639993,1790622,1676062,1766221,1680832,1637368,1709809,1650175,1687679,1764879,1764730,1627146,1687902,1632178,1658477,1662843,1773951,1735978,1740439,1798889,1663808,1748747,1681638,1761650,1684087,1667108,1719569,1675167,1649834,1691369,1621910,1644312,1677311,1758187,1678913,1728847,1775767,1685127,1728180,1685417,1654105,1625791,1724669,1676970,1768707,1746668,1733914,1732374,1680170,1703283,1782583,1719071,1652921,1652400,1638881,1950648,
94000:1698235,1796585,1716157,1734715,1918472,1652842,1682629,1687019,1718559,1841641,1819704,1805691,1704190,1768689,1697513,1817518,1842337,1649495,1721424,1845667,1668352,1702462,1665528,1715650,1857826,1683084,1763331,1670979,1866610,1691457,1630533,1783168,1668306,1644971,1701729,1660058,1831596,1749116,1699430,1729177,1742071,1717750,1800786,1701705,1758817,1747252,1688847,1732380,1794098,1681407,1714496,1706204,1731032,1671095,1745819,1800280,1699622,1715187,1785218,1780202,1700644,1714672,1837883,1736700,1659984,1669907,1636640,1769981,1680970,1655675,1738747,1793508,1795010,1694012,1781415,1698872,1660610,1712366,1702229,1714506,1831842,1720379,1750146,1914374,1696037,1718790,1700135,1752596,1725132,1714078,1729609,1740995,1645637,1701899,1750834,1667500,1766257,1807232,1714185,1749257,
95000:1689549,1648819,1795990,1870999,1776853,1671398,1644081,1852775,1768069,1716639,1763059,1797529,1686986,1708341,1750507,1873840,1693413,1669144,1792072,1822123,1670824,1729440,1793343,1733430,1644273,1717022,1677298,1832360,1739986,1707997,1723799,1807559,1707974,1784236,1667532,1715041,1810044,1676920,1739994,1739595,1719420,1806248,1706001,1873610,1997386,1931920,1718151,1734598,1680315,1775392,1886085,1710305,1756698,1751919,1791323,1768773,1812430,1784825,1682200,1707754,1723693,1716160,1785582,1695548,1734395,1737952,1715053,1777905,1660392,1826722,1703453,1681078,1760439,1681576,1768934,1732454,1747152,1708577,1659178,1692415,1787367,1690356,1694475,1756703,1765844,1693970,1670977,1657651,1684976,1821360,1786624,1822395,1656073,1726234,1692419,1782879,1670512,1704782,1878908,1764881,
96000:1784291,1722336,1791986,1834382,1781670,1695337,1783512,1880301,1691975,1832929,1735407,1743454,1778567,1758340,1870925,1671652,1709245,1993102,1844989,1805268,1845400,1721166,1887721,1756584,1876177,1810622,1736364,1717913,1738575,1771344,1743512,1805221,1769241,1901658,1764380,1726175,1782063,1808369,1712427,1726435,1690148,1767326,1722787,1823922,1737424,1728212,1718749,1771270,1672099,1682974,1756377,1738110,1794356,1816045,1718950,1808825,1805404,1738433,1690444,1695155,1743699,1679355,1729216,1881547,1767500,1950342,1763359,1811305,1799344,1792121,1781685,1745866,1810064,1723709,1786539,1804261,1786029,1664983,1745235,1742236,1839253,1732797,1728342,1737306,1769319,1740945,1752610,1751953,1806100,1811443,1845025,1791094,1840664,1732921,1721450,1722165,1791138,1759840,1693724,1765076,
97000:1831250,1693857,1806301,1815060,1917378,1963946,1817090,1717085,1941663,1873671,1729949,1813738,1815913,1837528,1862270,1718329,1718101,1721692,1697139,1814540,1779224,1771025,1964619,1793786,1701575,1801773,1808024,1783349,1817367,1786927,1759686,1769473,1881899,1797123,1749852,1860748,1857907,1832264,1673991,1849674,1711248,1736084,1724225,1700376,1856301,1803658,1766240,1765280,1754994,1774380,1883478,1856991,1704438,1761246,1985681,1793128,1703880,1832467,1695278,1960048,1791350,1857303,1762103,1812782,1801933,1904398,1824757,1879182,1906365,1747782,1824924,1752847,1795782,1819117,1801009,1778752,1901307,1745742,1744615,1873125,1877933,1754229,1702103,1823094,1736866,1730656,1830257,1921266,1862637,1824702,1810561,1812962,1876098,1759167,1732494,1852704,1831714,1783913,1790922,1812880,
98000:1732985,1733226,1760872,1885944,1798467,1870461,1740776,1797942,1723933,1785493,1814069,1847265,1864006,1781641,1771325,1836515,1834435,1929876,1869468,1911452,1785715,1871012,1789614,1868218,1874374,1788706,1840643,1783359,1767705,1779331,1741779,1777132,1990023,1764110,1774674,1813374,1763747,1766520,1744356,1817893,1808577,1767640,2003878,1813381,1796013,1728729,1794628,1773744,1916140,1851010,1817491,1794425,1738530,1804086,1824473,1772157,1842877,1792404,1777804,1812927,1795140,1727029,1900258,1859059,1810346,1846607,1750539,1767747,1717187,1749676,1830605,1799723,1963678,1848718,1778073,1888410,1832137,2064858,1726826,1741580,1812522,1836634,1754839,1739871,1777868,1783463,1831070,1914223,1769950,1957206,1751349,1850099,1713295,1816070,1897188,1723981,1754548,1884726,1851033,1754687,
99000:1793574,1745849,1837672,1759993,1798122,1849648,1833874,1754836,1981577,1733800,1797823,1825642,1828275,1755676,1774077,1807719,1872877,1793188,1749737,1857497,1806136,1819332,1813965,1851333,1865076,1922485,1859162,1800976,1825832,1808305,1812683,1824271,1791184,1840436,1796013,1786475,1943138,1787104,1943011,1850708,1814047,1889897,1812596,1803559,1856685,1809140,1844938,1760308,1796089,1835225,1910905,1817056,1852462,1754555,1881449,1819800,1775935,1869394,1957928,1755637,1892800,1816910,1773304,1926846,1876470,1770229,1938245,2113076,1751715,1798210,1899854,1826945,1862318,1769037,1796874,1867485,1755494,1824318,1762214,1910366,1898551,1917837,1837605,1788620,1863846,1767529,1757171,1763223,1779815,1846058,1745069,1808124,1829102,1798888,1886900,1839147,1940751,1726704,1762968,1751738,
100000:1783611,1757193,1879124,1827754,1793256,1835774,1832478,1846747,1797341,1944759,1785142,1930296,1917662,1874597,1903557,1830007,1941865,1871905,1881186,1869687,1752999,1829042,1778028,1820236,1946488,1799251,1866893,1899533,1736388,1862353,2034209,1874639,1772019,1812096,1786967,1768967,1802398,1893720,1802144,1756395,1833307,1853112,1869279,1817814,1899154,1834852,1830956,1878419,1797427,1832000,1884947,2134031,1829845,1875152,1793156,1775127,1844291,1767429,1805744,1825487,1869979,1897240,1915677,1794639,1875245,1808921,1772247,1838841,1800549,1838458,1769035,1790406,1897111,1917212,1775833,1812848,1844314,1845811,2021364,1805509,1818635,1776078,1826758,1921483,1895257,1889860,1992633,1907916,1845630,1862952,1924310,1871741,1868177,1828693,1884517,1808695,1935732,1816509,1937247,1857079,
