12
1000:8351,8744,10012,7984,8857,8798,11148,8812,9309,9310,10520,8464,9548,8361,9339,9463,9119,10058,9713,9242,10741,9466,10061,8087,8437,9673,8253,8747,9100,11203,8894,9693,8267,8757,9527,9362,9206,8469,9357,8547,9052,9416,9437,9180,8974,9877,8038,8753,8519,9376,8778,8763,8693,9538,8414,8425,9704,8319,10605,9909,8936,9732,9013,9668,9136,8089,8248,10311,8554,8417,9448,8382,9110,8960,8380,9268,9103,9102,8403,9254,8723,10319,8830,8479,11570,9005,9340,8210,9039,9299,9448,8642,8692,8107,9162,9140,8885,8971,9386,9193,
2000:23125,20669,20352,21323,20904,20271,21384,19348,19522,22868,21660,19872,20682,24597,19533,24889,19802,21830,22044,21702,19766,20872,20726,20331,21168,21239,21981,21006,20169,20345,19131,20451,19699,22009,23422,20530,21079,19530,20492,20269,22347,21368,23615,21848,20990,21867,21685,21977,21047,22076,20785,20470,22850,20439,22903,18556,21224,22387,20819,20558,20490,19876,21368,20904,21629,19953,20547,22225,19294,20900,19379,23941,19107,21191,21592,20131,20214,20528,23709,20754,19657,22579,19797,20770,20176,21367,19151,19864,21165,20087,22889,19723,21141,20453,22887,21458,20978,20435,19195,19416,
3000:31512,31866,35527,34635,30979,33443,32647,32597,32125,32185,34061,30592,32410,33611,30633,38441,36976,34975,33866,32538,34585,33488,34613,33584,36751,36744,31855,32557,31857,36552,34203,33991,31225,34497,34119,35848,36582,35761,32902,33148,33611,34755,32304,35176,34251,34811,31925,31140,34771,34917,36224,35155,33684,34323,32232,36378,32984,33611,32745,30980,33114,35477,33024,32982,32413,35486,32964,36688,35470,33492,36042,33744,35858,31356,33609,34845,31517,37783,39070,34995,36178,31454,34132,36771,33841,38166,33025,36022,35227,32328,32509,33758,33347,32656,35045,37504,36746,34305,32479,33197,
4000:48440,48732,49451,58422,49377,47512,45265,47562,49930,46656,46404,45974,45568,45009,46401,45164,56856,47762,47950,43899,44568,49843,45474,47450,47602,50818,47618,48609,44908,45814,48445,48642,46720,52685,45024,45309,46882,49947,50294,48859,46324,46036,44401,48282,45174,49052,48672,45245,46382,47798,48465,44791,47907,50959,48337,46057,46967,54198,46188,48978,49375,45400,47523,47002,51290,45478,49807,46222,45795,45880,48244,43985,48213,52526,46149,47540,50463,46686,47865,46692,47462,44242,45432,45255,48568,43456,50740,46957,50228,46043,50271,44867,44978,47823,52169,46905,46633,49479,45403,44763,
5000:59818,62319,57195,57512,59629,58168,60109,57450,57967,57865,61696,65743,59030,61041,60283,58832,65373,58606,61311,62317,59361,57309,58941,60031,58294,56531,63040,56626,64632,58932,60834,62732,61657,59611,63194,59505,62054,60047,58045,60879,58818,60083,63129,59053,61907,60240,65223,61790,62649,68892,58283,56419,60716,60150,60161,62512,65654,60681,59467,65317,62221,59493,64288,63672,62940,65808,62198,64588,65255,57082,60038,71037,63611,56318,57589,62746,61003,62360,68951,60741,63202,61240,61449,60119,64452,61962,61220,63784,62643,59459,62120,64039,60897,67332,60439,58144,66081,64848,57098,61788,
6000:74639,75652,79582,75088,75433,83279,74881,78177,73268,76048,73908,70319,70322,74678,72685,72095,76640,72353,74691,82479,76657,76815,78468,81737,76133,74270,71653,76549,76589,72762,74817,77549,71758,88502,87061,73163,84699,79334,68157,74186,79490,75019,73619,70535,71397,70992,76373,72777,71303,79098,79503,74775,76949,70912,70280,73409,77665,77092,76284,80559,72724,77672,75287,75145,75416,68157,78316,72723,73646,82150,85611,73185,72252,76581,77691,75336,72500,75673,75516,71863,75362,71994,73716,73269,72469,76322,73063,73505,71862,73378,76325,76942,78989,76278,75710,79421,76454,73305,75735,72385,
7000:86462,89634,84506,94211,89140,88152,88676,82525,90149,94763,95984,92957,88688,91581,87400,89400,94439,84183,95687,91080,83182,84778,100854,93475,87876,90773,85845,91486,91593,92327,85784,94938,90792,91930,86965,95241,90107,88978,89691,87490,91166,95715,93216,88146,94887,91430,96426,85569,93571,81901,89279,94100,85321,94190,90636,96020,91761,92868,91041,83777,106799,93095,85541,94291,85445,90233,84984,97652,84939,89699,85870,86663,88535,89140,89418,89082,90550,96832,88675,86222,91197,93378,85310,93812,92872,92777,87101,101842,90035,86160,88135,90126,87789,92110,98239,87833,98124,86172,97147,86838,
8000:105310,109558,105207,99713,104278,105339,107996,112908,113670,100170,102888,111116,107341,111709,114117,103675,105838,114960,108449,101475,99084,112465,106193,101623,114923,99644,102399,103992,103589,102020,111614,109151,122021,106322,106563,103267,103567,115130,104074,102249,116505,107859,107799,112705,105753,104768,109755,99977,100307,101392,103764,99737,104334,103158,108106,110360,118071,115605,115202,104411,103154,102494,104822,110906,107271,112696,97836,103781,105092,105021,97736,109146,106536,106201,116316,109971,99879,99989,98994,102661,106568,109186,115620,113967,101390,102042,112378,106012,116771,112207,102472,106526,103108,105793,98409,106020,108235,103149,106443,102939,
9000:118808,113774,113846,119115,116784,125543,120429,120127,125249,116757,117028,125291,125933,123521,109360,118982,117038,115013,127307,117502,128233,124783,114158,120729,124170,118425,126028,121680,125405,119416,136632,125904,125547,122619,115301,118547,130325,119006,119568,114359,132688,118208,120415,123576,130072,121739,126219,126611,118194,117406,121771,128900,114950,129060,113814,126431,136355,127474,118337,119473,123435,117636,125164,113475,118196,113858,116690,131589,119311,133867,120713,118538,117562,113139,119257,119098,121893,116909,136243,120825,123075,119447,112647,118383,119707,121259,123362,112745,116203,112061,124285,122081,115199,123187,118149,122623,127657,120656,118096,119022,
10000:129494,133270,129989,141089,135303,132356,133196,132278,141846,129731,137841,130808,132419,141900,129297,130521,163175,129295,136445,131494,137265,150753,137608,126574,131040,128194,128637,129314,133598,130382,132000,148410,135618,143361,146622,141064,142386,136265,140559,141515,134256,137843,131753,136213,133792,134886,134513,134388,136977,143379,132759,147832,137418,138949,133728,131889,131666,139203,138839,138883,135431,139173,131869,145168,125762,136886,133986,154159,137525,131243,140263,132654,131892,142071,130093,131308,148313,133910,144997,127167,136953,134635,128384,130340,140976,138869,132033,130808,126597,136593,167667,140745,135179,137297,139874,139295,135887,134011,146223,129358,
11000:146022,155627,153119,158922,158583,148498,146959,157701,152479,156065,149392,160214,143040,161678,165514,165342,145051,146176,152464,143804,151574,150941,154088,152663,157452,143361,145067,145001,154777,156179,143034,142393,139867,161285,149443,146473,154197,157381,151495,153215,162821,144387,147392,162878,146250,144528,147217,151437,152043,152984,163415,166349,148544,159079,153941,143545,147168,146336,157927,159957,153016,143629,154684,144017,146531,149103,166667,146727,157371,143168,146636,144187,162438,151486,163203,160336,152454,166034,143224,149112,158300,172320,147375,150791,148671,152609,151968,144303,145759,156614,146304,159755,152166,159875,160629,152748,159136,145914,148106,142239,
12000:167623,161121,179899,178845,174327,176539,157195,161355,167214,176529,155667,180536,159039,164480,168383,170849,171683,174820,162443,168634,165957,167366,162783,164498,171188,168827,162225,164030,164793,162238,165832,171052,168813,166339,168298,170185,157919,164893,163694,161446,166061,172640,155812,169115,163387,188600,188624,160873,179496,160996,161960,166176,177509,176673,163624,156703,161158,180269,162668,161544,168435,157597,170629,176771,165483,169557,167181,180690,175124,165067,171869,166718,173202,172570,180521,162179,180137,173572,170650,174930,164690,161534,167686,189272,166936,167849,168216,187803,165539,158796,179393,172275,164198,171261,162636,175685,177106,161503,166353,161464,
13000:178815,178263,183903,194630,180430,190625,178744,179604,194208,197729,181668,181243,193354,185670,180740,178354,188876,184502,187647,202176,183862,184156,168344,180638,171365,178853,185594,188314,185636,193879,186898,196279,175417,173938,187781,195302,181720,192992,180420,176305,183746,179702,189852,190341,174689,183245,194221,183087,177707,181227,201575,192426,174229,179467,176187,177101,174550,179351,196830,187949,188050,175855,186113,180846,183242,194079,181313,182836,183985,172715,198996,178017,202921,193836,175664,187263,179896,188480,182576,179830,181967,185359,189750,183680,180888,175424,184600,205330,188435,176740,171724,188933,185373,195332,179312,172803,180508,177655,186589,191655,
14000:194198,188693,204215,196056,195575,199052,193101,208436,196460,204447,204371,196607,209390,200900,212150,189601,197941,203237,198926,223630,210834,190068,195752,205917,219563,190251,191057,198085,203494,200836,190973,193122,193767,192207,201571,214551,224364,201492,212679,195265,198159,217188,200970,214188,210065,195422,198072,208882,211993,201182,193937,196546,199415,199634,190836,189748,202619,194462,183980,216180,197701,194980,195618,207852,200056,189570,201229,223534,198814,192632,203838,216309,203958,191434,204548,211060,201354,188086,207858,191478,206763,213223,196948,202302,201213,187022,206829,198507,188559,198413,192186,209941,201269,208882,221616,201672,213816,196309,206263,198740,
15000:215232,219917,228006,231308,222961,227907,217017,202205,221655,223648,210276,216481,217658,207130,220319,205793,232250,208764,209240,217778,213458,228533,236585,237582,212042,228743,220031,203998,216663,231574,214372,221773,224173,205151,212231,224048,208475,220917,207678,200079,206984,206242,215830,233151,220229,220220,219040,221780,212348,217992,226937,215212,234512,210674,221941,228919,224862,220086,228803,221210,214590,211013,209050,214693,210993,211524,223083,219847,225351,221351,209680,218665,203133,214834,203039,219524,207608,213288,220309,228504,213872,247635,207567,211233,210632,230441,214506,214446,211362,221484,235950,208512,219427,210222,213627,228992,206912,212127,217372,228801,
16000:237568,227642,228145,256612,238026,241551,238143,211356,238313,221413,238367,219071,217920,246271,228740,277485,223957,228710,251767,239200,228637,265001,230516,225784,246820,233617,263722,247736,223975,224138,229878,228154,224891,223496,230555,236653,239336,237154,221269,247413,232333,220122,235210,244672,220249,229316,238090,221044,237090,240871,216946,232737,239978,248754,240160,224065,223208,245339,224942,266307,240215,239083,222069,246933,247442,242708,222965,239298,227739,238766,233236,228898,241306,226351,223201,226869,240913,247588,235411,235148,234217,232480,217537,251893,249828,246220,223670,242126,234642,271727,220824,242039,244466,236428,230915,227690,232951,250388,219256,251865,
17000:246545,252845,240703,266312,236861,244506,245599,248412,263539,250644,254669,261429,246294,290389,246066,265438,266609,256437,242295,249504,240090,249210,254474,234015,240715,247695,253525,244497,251489,244949,246903,265008,242226,259772,243848,261184,252949,250226,240010,277677,249565,242245,253748,257875,244444,241262,246798,238867,249908,235379,238012,260441,238698,246343,257164,255001,252971,244815,241967,253264,240817,241603,255190,251190,234055,234227,244770,250448,249476,239981,242040,261402,254521,268892,245163,257827,240552,243739,253914,255006,233313,243416,240160,237812,279221,243287,244879,255657,244434,305147,253917,242527,272292,253945,240595,258115,266465,246720,242521,241728,
18000:253366,253056,270977,251628,267627,260542,256612,258329,258233,265831,281066,278770,269343,259855,284636,295880,252244,267191,257637,260324,267776,283716,270339,257633,279968,287113,260647,290169,286213,261697,280679,259369,253586,268209,261679,253709,256747,270349,264317,266727,267501,258954,285702,282375,292423,255407,263098,250096,270805,286752,286599,272360,259747,262247,264551,294638,249943,257083,292599,276210,274714,265020,281450,266173,268000,275300,247386,256323,268424,287631,265040,264601,267436,265518,260351,269852,253113,263179,264053,268109,261671,285091,255989,260222,262089,269107,255523,257156,248002,269817,257204,286589,257712,263589,254737,276562,255628,265457,266172,278263,
19000:274638,302744,291942,268078,272212,279443,290291,282127,273113,285063,273825,281675,281049,281967,297283,287292,298824,272177,277136,291696,304042,311094,280211,274413,297790,274492,299041,302241,284841,268933,263409,306368,275015,295130,310809,271971,275266,277326,280838,275521,272913,300845,286265,281630,294386,276476,283621,314237,283562,266589,282011,287099,302285,296564,272466,309990,285569,274915,291592,297238,275801,276662,303200,290138,286862,287457,261618,282832,277459,295691,287254,272976,281469,265854,284618,271883,280824,297728,283873,275775,279271,293919,289389,275303,287724,313583,280730,285166,299895,293611,287574,304224,290688,280840,272253,341766,290473,280236,274987,298888,
20000:318612,314533,308680,292677,303899,309259,291393,282126,311066,351021,304415,322583,302829,318736,290538,302612,293545,314955,298434,303486,303477,284476,281279,283537,309655,292699,299195,297097,277158,301930,292222,303802,296071,298279,316414,297759,282499,289754,313207,334622,300598,313636,312836,330709,314851,290856,288728,292155,289206,287512,312585,296537,339671,289165,300463,274307,296612,288978,297748,340677,299608,302385,288817,308922,300778,308455,292766,301641,296090,288421,288395,299102,296431,301688,291825,284500,300237,295914,324005,285635,320935,321106,293815,303468,303210,298874,297772,285211,316660,293644,310545,310165,296284,294744,315832,289380,301091,309989,335087,289883,
21000:327794,334520,346648,304242,335040,326128,327134,310559,343124,328889,304083,300111,323608,344992,322088,298059,314140,315813,320798,312788,311438,309351,301359,313388,332728,308854,310352,312810,318831,339608,307407,303557,308770,318714,327432,316993,325960,308089,314176,309376,314395,315597,312993,319031,303874,326784,305858,318792,315490,306840,302591,312556,310995,320317,301548,338877,307407,330712,316549,323915,304379,307544,320276,310437,305550,326462,312933,325848,304212,310353,319217,304190,322239,332232,301981,333244,296155,313878,326228,337223,339553,333029,327641,317399,315748,306448,308728,336795,348555,318642,335925,307897,321626,311788,314641,314670,315414,314086,315603,313807,
22000:323022,326038,354681,331663,344840,344921,336760,332695,336479,337704,341791,351904,337591,353738,345276,342707,333325,332038,333972,325456,327515,339849,330314,323317,333979,335733,321589,343035,341876,324891,356762,351493,320100,320813,333212,327859,343743,331012,328373,345990,332286,317096,352450,322237,332697,325742,331722,338933,337725,330990,331088,316183,337109,360371,321380,339202,328384,327681,325209,327992,328488,354675,340097,310996,331995,335750,365518,344861,337279,333221,319459,336146,366555,341235,355605,343343,329668,313926,353568,331066,318667,313222,349260,319270,354160,331787,322105,332949,326778,331017,338246,319524,342115,333951,322761,335974,314872,327663,338702,333956,
23000:355175,375104,401582,336650,392504,366670,341630,364072,366683,337907,356572,377933,358272,347365,350139,363333,351297,354918,369063,355816,371522,370863,337688,332285,350725,336782,353109,332157,399557,350733,377366,362756,332705,373297,343115,345867,352573,345594,335629,360490,346214,346720,376795,358324,346424,372522,343114,393085,353439,378976,362365,349254,335533,355032,345570,396303,360244,357835,323858,340777,347243,352890,339891,373665,369225,395819,349315,353417,347653,359567,344153,372090,363527,369675,346979,366132,338862,375045,361897,353682,338826,375355,385492,349733,340844,354523,374332,359480,343474,355221,359460,343170,375726,344271,347631,354021,333722,385285,359162,349975,
24000:374338,351543,358976,381992,362421,372803,357037,377672,387046,350709,357991,353804,377820,364810,378575,397123,355047,376704,382344,371974,343396,369883,351403,382386,367006,354930,401895,354516,376116,358788,366778,365011,344888,361571,367726,355420,371538,378806,365023,362622,371596,355879,361656,372705,359819,380175,356650,364410,367172,376265,372796,381151,380226,371919,344221,365002,361996,374396,363249,381547,364503,346418,361542,423925,358517,375519,356846,373394,383608,339857,375302,349019,434758,370380,395583,360672,404638,351204,379848,363429,363972,351187,341868,356856,355440,367549,388361,359448,363109,351072,386001,404291,346258,382628,361124,385226,353503,375078,398115,357633,
25000:385890,388062,391895,375737,384550,376358,427379,403392,371557,390996,371794,425607,384116,376983,398141,384343,417798,380262,387168,378379,378253,372254,390017,412915,391457,383592,404212,364063,403709,397713,379082,379080,359439,376536,378217,378054,366916,388678,395636,396016,382756,363130,369434,369157,375994,384293,365365,400776,379691,378742,371623,400267,384535,398623,376504,403066,380120,365782,393260,367888,396829,385272,392460,443421,406581,372158,351639,451282,374541,372458,380035,413796,421490,393577,386815,404272,371655,367796,388490,373279,379813,370183,372768,411424,362026,374515,383812,432645,370971,375675,382101,380110,418654,384938,431004,434809,381805,387876,392658,367021,
26000:379553,383516,406635,391776,402514,388257,409269,396289,418748,402012,424457,403302,397713,399448,391069,427292,400512,424827,390034,396480,407723,396040,401698,413131,386834,398075,384906,396020,402098,408856,429491,412336,399806,395436,391575,394221,407432,404798,398574,404558,420818,400473,386779,397299,400704,405325,383671,421518,386970,391327,374523,394608,390121,410748,389518,433903,401695,393641,419254,426253,424271,399570,460778,407727,423154,404759,402939,410232,413354,415670,383959,388732,384139,432578,407962,431343,390520,415812,397502,485714,391286,391106,385754,390774,385512,390547,391765,432787,425467,386319,385446,383840,418310,409329,404874,433476,399294,427816,386499,410534,
27000:443195,443224,406940,412276,443047,420578,467711,410327,437849,413560,428782,419994,412024,431870,404191,426307,420933,431043,437663,413377,443760,450784,419009,460107,434966,394760,435678,419915,399288,415531,438800,420307,432303,443080,429879,420331,398322,463683,416836,430855,423971,417722,408357,421242,482496,489594,426330,444607,429989,405303,446990,429742,448606,437549,444158,422071,415686,413019,390744,416201,452079,399282,418003,399957,423070,422875,418594,428802,423393,447980,442230,418130,435748,400182,431333,414428,439491,419048,469917,405996,389733,408942,409582,450766,443016,411998,419980,456535,397910,425727,449231,421010,419452,413667,416393,430920,412430,450588,400030,411124,
28000:456319,421612,418156,435860,426163,464412,421953,459180,435511,447753,441155,450787,420442,436676,423286,427860,456927,437300,436354,473695,432287,454295,434220,483071,428233,494936,478894,436979,421220,413855,434512,424041,433569,408387,443498,438778,466711,436432,438151,443067,447381,442830,423282,437534,443172,438456,492509,427220,468170,438333,422925,444923,429307,460139,432933,438419,453726,490139,420879,445923,433291,421802,420675,418551,428133,426944,448127,439674,421052,422549,429594,425654,433218,486439,469054,465213,431964,432466,437245,421611,453340,410179,426163,451639,415470,427280,426299,473394,454656,408257,415783,474676,445085,420477,428492,425912,453983,453457,446359,424196,
29000:446874,431897,450671,435465,443854,460616,449660,447446,468903,439887,455605,440801,459759,430329,488539,447888,426321,446471,502988,454457,474507,444092,487835,461733,448765,457844,430762,465264,463896,468115,476206,435750,496371,462540,484535,442728,471586,472005,427817,461754,476249,444192,490756,480884,438861,434587,465048,440814,493833,458061,450310,464754,454909,472605,457357,472643,449822,469552,462703,435158,484090,449340,455660,452078,452340,457686,450625,470287,437948,470929,448530,455976,493562,479617,454984,479413,447685,431983,454635,441129,434465,468149,474070,462556,488577,460426,441701,467121,476352,475707,454501,444740,442161,446765,486740,476489,475002,444722,439004,458531,
30000:461333,482393,486652,470858,457125,459449,459403,466428,475868,478716,499912,464802,480658,457063,450730,460095,475509,484689,458724,461531,491163,464135,510066,456279,500134,488338,445121,488638,522939,457796,476188,472181,456356,474008,472963,441219,492650,475992,481914,482207,479241,488503,481482,462904,474749,471635,474881,501088,459105,454312,444226,473801,496367,462386,501666,477010,513152,473581,465366,478168,478508,453883,508908,450408,450175,459534,457796,510755,481337,447106,482420,463997,518276,482273,464528,455060,464348,475276,452785,472226,524299,452875,464572,470194,460790,472669,509939,470867,477743,488106,476669,464508,470423,451895,460578,497690,508069,477565,478815,511393,
31000:465259,484691,481321,478192,508031,522390,473461,504000,470510,516686,515359,479917,517895,471017,535723,510838,511019,490498,483879,477017,472462,507788,477182,481441,483821,517261,491440,499802,518345,502358,514731,464557,484479,509858,478320,509609,485930,490879,506194,512153,521664,475488,471812,511778,492432,528630,489267,466962,479035,507046,498283,502258,520674,464105,490006,470914,466011,475242,503087,473946,508430,500949,466994,493223,493222,466501,530063,496942,489358,479372,534804,494312,481674,496772,507355,521340,517135,490603,496245,493696,483785,509345,517228,488015,511561,483542,528474,511577,498637,516043,476096,482441,492468,481843,509459,519612,505747,495205,488143,475814,
32000:517589,529624,514472,537674,505483,477474,545550,535072,504394,578741,487390,493623,504129,490621,560590,496700,522928,509576,515091,509172,487252,571894,498641,517573,503221,498330,521842,481113,527497,507529,495793,488861,505567,501637,550519,549653,530269,514828,506605,508859,519806,518276,515286,498714,491556,526840,546634,513893,490094,518378,478729,484069,523601,527624,494557,532785,496664,572096,510835,520815,607928,497313,546190,490570,497800,523372,493119,506536,512968,533019,496538,519767,499962,499130,541243,498917,499100,503294,502247,520996,486700,509013,506508,513323,585836,520441,508349,538584,560334,516011,501447,535993,505938,521067,520818,524828,519646,483111,498330,496278,
33000:523654,531234,526747,552012,496020,573336,559998,558945,507223,521688,519305,544494,516350,518595,555174,502281,529360,562015,532610,537736,503923,540016,559844,525280,555886,534987,506963,533268,506565,550800,541148,531892,528748,518049,520164,526625,525216,558220,525172,509116,522453,511617,523734,585337,566206,565548,520736,559124,529125,512129,503605,519015,523900,613454,508777,522719,544194,501841,514326,563463,549362,526740,564758,525855,547674,520762,538838,507288,541963,518938,568568,505957,518020,549383,541445,569452,540912,541436,497328,537945,537836,561782,540597,496243,544832,547310,531824,542460,499067,512557,526863,561233,526903,524215,513754,540275,550802,567206,522338,525003,
34000:562024,516805,558624,556104,527732,529835,552827,573786,552947,542115,527862,538034,540095,517134,579357,542942,572220,558389,552949,550871,566262,564154,522150,561801,545709,533073,529236,530641,545774,508663,537149,527292,565755,555038,569434,547240,529994,547284,547153,549150,569919,553221,527301,601961,516548,533509,558593,546628,535669,533000,544992,537503,550792,526799,511400,513475,513773,569823,563604,551823,574870,531599,533230,549775,550981,538078,536755,528086,542097,545593,552515,575723,515190,523749,521789,549588,540635,537088,533152,539413,559375,540635,541422,585021,516556,534546,566756,565105,549362,539363,575438,540801,546452,518411,524128,577542,593470,542621,564951,533232,
35000:547645,597225,560312,593507,545900,572661,574655,607146,534997,544722,572119,536736,547419,549522,560723,566463,577761,613040,554494,549102,577303,560474,573311,544293,537976,552229,570712,621628,565905,564725,537861,561534,540756,609450,592400,611637,546736,576456,543055,578819,612633,552945,576748,608029,556455,586202,539262,591702,525056,535592,542460,549815,530935,609223,598925,608553,542035,560333,530366,579267,572651,563092,573798,576523,585441,543587,536626,576577,556753,554155,566452,562901,547222,543113,530496,552985,579128,540739,542215,564711,565802,579985,555160,570474,548830,549822,568245,560348,557058,546747,570725,549277,548886,628621,620154,588296,599974,582756,595092,557066,
36000:569628,563167,607047,602529,590789,608120,657939,603607,602834,621458,581900,584538,611307,573757,578840,605576,549239,564871,638372,588290,586803,582155,566553,568598,595755,579520,584046,562555,560874,580390,619277,612195,617281,596293,696702,554401,571073,624158,610938,587812,599017,543331,565877,590555,581894,621232,625737,567843,573083,576938,589542,569737,559794,576504,600026,588537,571614,592827,558289,583843,581432,581280,573499,569208,584176,571900,639307,555761,567669,578704,573395,574567,574750,551429,557528,604003,558600,569672,611624,560450,649740,562015,634701,609423,596040,546251,572515,581527,609292,610235,564662,582014,582303,585771,608162,606068,558938,618400,572966,554043,
37000:582603,586572,567530,668197,599420,594758,607439,643745,608014,610687,597287,608482,667462,585059,607086,618562,633557,577982,598486,596453,577306,663411,635528,591384,589535,584420,597102,579682,581117,591508,633957,645396,607505,588344,612812,615577,588894,603124,625532,613124,581601,576398,612407,579218,600637,622796,616671,616430,596179,596193,608595,617513,595789,619762,583768,613417,567913,584993,599346,621942,614971,597199,627843,572923,607252,628555,598143,589182,593153,610866,617673,627329,654704,601681,592019,632272,597442,576217,611248,633550,585249,596788,622406,594824,591084,649652,585944,614420,597165,573797,585638,582811,643232,575700,654367,597860,629937,600283,639132,585061,
38000:633870,611294,616974,646938,605197,595535,626269,606927,666667,628434,641040,633427,653740,624654,648860,610349,613495,637410,596001,602698,601092,613038,657699,587889,625039,586589,635065,613148,635642,599706,588676,615226,635808,590258,606289,649935,656979,606230,595393,605189,685999,633804,598745,607119,580110,630000,659658,621520,616120,633611,619092,621468,618460,620917,592111,604381,592148,607626,589142,641037,635113,585500,633493,642684,643576,624196,613189,680785,622474,608492,611163,609275,634623,634661,622638,606817,612412,618319,620141,619572,612819,671195,614220,623865,597459,614861,574283,569135,595536,614446,586380,610852,581855,625529,618933,596277,583414,617154,645201,601092,
39000:651598,647352,623484,603604,623522,646306,635462,621962,608869,622578,628425,630263,657909,642254,593914,618840,620814,685613,619233,651711,628662,611464,613763,639050,668049,629904,606204,686862,632567,649117,648050,617505,643572,645533,619162,636912,635188,624402,585486,651650,613588,760133,637321,633681,633551,646734,675348,639431,624603,645598,615942,633643,623693,647815,673222,624926,644922,656488,650747,606434,611372,615904,674170,595562,644399,646671,615205,677841,696822,658264,647279,604983,647829,681823,637288,634816,669372,680082,629860,620369,644070,599514,650972,626061,635593,646272,612655,637983,658867,629438,648671,687026,659498,614794,645865,663440,624872,684339,643759,600028,
40000:638607,676744,632250,631438,643194,631113,679292,702721,629368,651725,703865,668401,753405,645140,635642,669931,651828,651134,618978,655821,637691,645217,686917,661321,647300,693832,685660,625430,662743,641085,655201,626249,648174,663199,705031,624651,636555,652300,646170,653078,649126,658312,646892,618079,639643,720605,684430,796150,637699,697171,647244,653339,640396,659104,654906,686405,637689,649656,642905,643857,726156,652035,674248,652876,652080,681049,661605,674347,634082,644475,639830,686155,683048,705101,638889,645148,677937,646683,713989,648100,643771,620380,712278,641401,646812,662535,666025,649318,653563,622194,698069,652494,642115,655782,649303,647001,659960,647220,609444,659933,
41000:629121,667153,681785,676512,677649,677460,662558,673421,668615,674783,644093,629580,678894,693214,670914,638829,675603,716863,660428,664900,694408,689069,688101,766713,659377,704487,662200,656057,651957,659581,719343,643512,675316,641799,638913,689938,757450,660577,650087,669163,679047,661743,655535,662074,688755,680835,657565,667537,672461,639789,651938,698027,670382,668206,721183,706867,685994,682505,700454,687976,715210,701216,680747,643983,679760,677629,704552,691217,676160,625303,674731,650506,694987,665666,665323,642111,638148,677904,696121,660411,667426,729287,668634,683694,684115,694223,678087,727138,635915,681257,722145,666684,702571,677567,685003,668179,657498,686145,650591,690429,
42000:669575,716118,767109,686286,676597,669258,667460,741028,698402,697850,762230,675151,676276,691022,770885,708569,695310,708271,651761,670682,758539,683813,677231,655881,710687,701381,746667,714780,698893,710653,686006,680442,697153,663173,655049,668000,692716,647291,666851,669477,669617,693217,685411,686077,692058,689647,694640,703332,651079,675699,660947,682778,685049,695830,704347,648125,680323,665212,659458,707712,705957,663034,677242,668248,726338,683432,721174,669398,684835,686814,705031,674705,666502,684991,699829,678190,732224,736133,661655,681644,686405,752051,667686,683233,688918,693817,745163,741061,718504,668037,659553,692081,669498,694749,690631,664687,689880,671026,712134,710322,
43000:707130,729948,735514,663008,707520,713566,686164,757244,699923,701312,721327,691443,681037,728682,718059,729150,740231,720846,702483,677228,687348,716071,709871,684357,713451,717346,731493,689634,703839,694755,691370,699248,708630,735496,690094,733320,759363,706084,694116,719626,710301,714838,753826,702753,748509,666339,696001,698503,729804,689554,685766,706450,677526,748385,711906,768479,678921,737873,734579,720456,713921,705594,691758,684116,732914,667289,719991,705006,752121,696577,710359,678801,726323,734974,678657,709068,752995,746916,696106,716398,684512,690850,658334,718531,706930,747793,678300,722565,708151,724902,690364,705226,749061,695024,668647,711393,693143,676186,713593,714439,
44000:703740,720148,723596,713755,736119,750642,768540,729083,739408,700376,691883,783369,704466,704448,707944,811936,755374,784589,699328,755921,704053,718654,699614,696797,735049,758251,711988,683321,711773,697368,701438,690316,708063,751614,772535,724251,747724,736382,785740,707987,762204,685804,740450,770930,705124,711998,735459,715980,797425,747979,707542,705168,689438,758900,726214,718877,753498,748197,725898,724834,786162,703958,737703,750940,760549,730362,697283,752110,715989,712867,702942,723512,734200,707334,705476,789990,714022,714224,741261,795623,722132,688663,720492,718008,771123,758206,729308,717032,731227,745287,778866,710153,819123,702474,814788,693387,730288,773045,839609,743279,
45000:730000,718805,881027,709409,768834,749548,801290,761780,731082,756012,795258,729483,708360,824110,704625,724569,706953,785919,705804,721793,741467,728655,765901,816687,723718,741586,782357,745307,774001,727045,708048,697221,772298,765709,699468,740655,717039,737104,788528,744414,770557,724799,757047,752359,701976,755250,729626,781129,799976,757835,743211,744663,739823,799279,757959,771338,720996,750424,757503,747882,712828,701825,783404,756193,732805,718790,738200,777798,730690,747110,728951,734323,754863,744699,788003,733702,725454,698367,765242,707604,782830,746821,803185,727840,783777,758339,739764,810352,815299,703127,786900,693647,738876,772752,770790,736992,703226,748668,761481,736828,
46000:741551,753198,765849,769196,754095,796215,755191,743187,783532,750513,750861,794891,746981,809284,814112,768701,718646,813430,767789,775717,818720,732700,822105,819428,738163,735096,766891,751125,796820,772740,732589,760754,774693,734445,770651,748165,737947,866372,762964,742848,810376,736806,745567,759274,736002,743992,826002,798914,735368,780630,767442,790640,773091,824526,733071,745876,739963,760353,831994,794056,756094,833598,768134,732546,826818,805940,770570,756422,766811,761745,737017,773098,783146,768802,802547,742153,758586,772106,888927,768428,881970,762198,797675,773060,769628,762191,737811,729696,801127,755296,739137,795733,770490,772880,789388,772083,779583,806564,829406,779015,
47000:748151,772427,812238,782722,788655,769547,735342,770829,803792,765385,754816,843856,784739,770861,808428,806145,852419,816732,776812,756094,782723,829880,738081,838408,758398,808644,735715,772137,802963,772499,809451,803501,780117,803546,808334,737123,731378,804524,772636,799695,800406,769018,755411,765272,798046,760611,779277,829772,781851,743053,818623,817543,789933,810682,759649,790493,758401,809951,786249,800117,787366,741547,786599,780492,781925,855247,797635,769899,819152,826209,779992,839927,751914,797338,872518,870820,750589,772104,760808,798783,768473,802065,796033,775417,754782,773464,768958,868366,759106,748254,771299,736678,823783,797179,778888,731700,822940,789120,728448,790153,
48000:813152,780539,864219,840958,799166,811724,770816,845031,781766,769360,816085,783341,840196,802701,881380,781213,780004,785834,805542,792332,824645,800246,777685,855301,821626,763749,826340,794761,817208,799427,781324,773947,772453,781160,745788,841025,877508,796805,782360,801418,785087,858662,871164,765464,794133,852341,770946,826451,857081,778535,823970,790881,826514,772062,820998,807218,783094,780048,845791,861111,776753,848526,819326,778450,887359,764766,800782,799447,829391,826188,802403,837838,812781,819575,813349,812868,816945,827398,831928,804116,842387,845793,797729,788278,797343,833844,846824,857496,829013,768524,797737,801454,770120,806113,834506,846307,758460,868500,797344,788744,
49000:880018,811191,831484,801921,801369,807421,822852,834235,842804,826105,865102,839563,823374,790729,846585,867084,839425,760122,808862,919614,827803,795318,795222,821218,820302,888901,832924,910098,790258,885251,862082,836871,802031,827809,832835,821100,814630,833500,784135,820035,813161,863061,823279,784823,792100,853659,819814,837719,818278,836565,794207,803584,807591,799838,805447,774855,807696,828159,836019,896140,803887,828269,796054,807510,817779,796861,844693,785395,820568,907323,798021,835447,796528,832002,911349,871860,812538,864786,884591,813335,817302,831834,814762,843146,788106,822676,820168,806252,817210,830662,884266,803986,772882,823256,829829,873330,812853,809185,804712,806860,
50000:837729,839001,830026,809939,846328,828305,837412,822509,840640,857672,881318,858830,925180,827851,866603,866024,835010,864705,883341,875247,811305,930118,877864,827076,818659,855142,817777,826220,869641,832223,868433,828986,944237,854853,823996,816651,808380,860901,808373,843944,842981,864116,870574,867152,864681,838580,791467,842310,840021,795489,827809,828420,827955,850744,817438,827140,844648,828183,843057,831870,831158,914757,883404,825067,890516,858401,840250,876100,820899,853597,809225,806374,798457,806887,852364,881921,818794,842140,804546,824265,845203,813539,834871,851898,802550,874429,811892,849384,883076,849657,864401,884334,847628,839750,916070,926934,817994,881611,839220,846285,
51000:848712,840540,820592,951413,867013,819101,827681,840188,895368,847820,865498,872296,844259,848667,852881,838996,817882,824119,837359,839462,882830,859421,878723,920271,896565,818926,852590,812922,861260,857728,929762,833955,871564,867785,841150,865734,830200,890154,898330,839198,834641,822683,827435,885480,838835,869780,847861,874044,855770,867412,899490,884262,840181,845879,863922,914890,856712,866059,853556,859283,894860,934067,816747,878666,834095,845622,829797,842342,875588,844838,992379,876814,860226,888267,823465,833236,858754,901818,839766,878721,827413,852744,955075,912457,899773,874194,844514,852998,832806,838109,854375,826814,827568,831853,817979,850805,835701,873826,866793,915777,
52000:859830,878755,865237,868657,905694,838525,835307,850708,832303,890173,910339,817590,869072,893374,858557,852907,878389,921245,870027,923526,924470,906196,870579,877029,905926,912456,845419,865539,855434,889693,898115,918455,861804,855712,896648,907871,867965,834709,835776,996069,866889,1034184,877516,874430,894896,897290,888542,865641,876087,943511,877473,866646,908070,882111,889776,887933,926720,906705,818636,868828,846707,888793,918258,881302,845796,897440,897354,919697,893881,853030,858002,907876,878427,983116,907794,885319,906093,862159,902069,885289,865242,878058,860306,909580,900718,903331,898329,864284,879437,850944,844753,895081,860092,863595,913359,880838,854112,955453,947930,886690,
53000:870570,1023125,914333,906344,934112,952335,850356,884774,878632,885972,918860,914717,906765,839904,869718,949382,868675,925855,899589,896974,884337,885482,913199,949980,921874,918997,899765,903503,974484,889763,909867,916069,936583,967825,879417,880162,939568,870044,872292,925419,918783,902829,934995,884931,871629,880656,865671,885888,868670,891100,973132,930598,878436,865878,923144,859489,931119,938876,978562,893716,943053,911880,897656,980196,865760,920681,885958,907002,1014997,916113,907132,879552,907888,893416,949255,969034,943480,951825,861043,903209,871340,935777,865705,872902,903470,879567,931387,856953,939865,962011,957809,1012567,894271,838040,863536,911336,927528,882131,885149,925290,
54000:908700,927378,964744,906409,892224,960726,915464,879229,955791,953291,868284,873170,873614,981700,888933,961101,881381,947970,877464,937024,936384,945970,891890,870265,910895,908184,882782,928538,978969,899175,872790,907039,914716,903423,910897,912901,928419,923568,869359,911475,874141,894384,959161,900633,924827,871679,917066,891877,947277,965585,954450,872212,899688,909237,889961,919329,908237,908252,909743,934465,932141,876983,950109,903314,916134,902580,987550,900696,915238,894770,1036762,889588,993530,917839,905914,966928,891239,875572,882384,911858,929725,876095,920886,954051,896685,884312,893562,976710,938251,947605,906182,932737,998835,884309,909471,895560,916885,933758,904913,919868,
55000:935117,956914,919058,903803,874993,975544,922967,914419,1045707,888306,970564,947364,939740,950862,893210,1032315,942469,920052,991813,891924,892549,906838,959580,901669,1002039,982953,926966,951208,936053,903403,943460,958504,881323,944743,993140,953887,919277,926600,954121,917213,966699,926736,931001,864006,932413,931559,1043561,934892,905240,905777,918647,902385,980966,957233,896221,973400,906134,880904,969011,910739,956865,883028,977542,902231,953668,946874,951716,915549,970353,938109,960566,969533,987190,908514,918849,916417,948566,913102,920756,911694,904252,952705,929573,988322,917958,961351,898597,919283,944691,947251,920090,931626,1005133,905819,949028,913643,945753,943964,946487,914213,
56000:1029003,933684,1009441,914532,994382,882061,924875,932879,951827,950374,929691,998228,922977,919237,993868,907777,917944,946821,1023697,956874,931389,926427,907083,916484,914640,932802,1004287,955383,1013043,980383,921876,895787,950982,943528,963097,958353,970599,910206,993294,969382,955546,898614,953163,893897,935774,934811,982019,915146,1018908,973626,943539,985277,942333,928739,1007362,948890,945148,961950,952196,1025229,950399,954438,964558,972258,993585,966265,954647,1011646,913386,955527,944427,953735,1023758,1016068,988234,1008576,902963,963277,964176,999018,966228,958370,944969,980802,940503,963838,1007981,947843,931798,931449,948322,973303,1045374,904536,922848,949149,967410,1007986,1039285,935811,
57000:1022430,977881,996581,934947,948329,955802,955789,1016618,965946,946751,970399,980298,970301,947931,962903,1021361,982553,978672,1000798,984620,979566,980113,919574,1063048,932005,977552,959707,1013155,952871,923331,1024393,1008527,1036762,935779,1005934,953759,989513,953208,1029815,950254,972251,1029288,920151,1003441,982146,993175,941052,1059916,947741,952980,1064894,966952,1051518,1022620,943239,935361,1049255,1014304,959165,983274,965285,1030418,982828,1053223,984076,955389,968705,932275,1010716,976088,966007,975035,936102,1016097,1031659,940311,964857,981050,936362,920397,968432,924249,965144,1004876,956400,935268,997894,998692,1003665,985708,951594,1009218,917016,936868,1033165,925869,930833,977886,1177256,945382,
58000:968263,989813,992891,1021450,1029938,1032519,1030605,1010425,948336,989745,1066224,972932,964423,1014702,1022586,1006213,993501,981750,1005597,965714,958807,1114341,948579,977505,968543,967671,975329,984934,1031447,1058588,985811,1016943,945229,1025072,977123,957924,971361,940193,994302,1000489,961065,980894,922847,989084,980470,1012610,952424,980281,994595,1059210,944578,1029243,1021223,1017841,996069,1013405,956773,1054949,992563,982836,1000449,958172,1029624,966895,1001671,957038,1038992,973520,979411,975635,996704,1008021,992902,1020192,982136,974726,992165,962415,966572,983597,981780,1005436,1047953,995308,1100594,992320,1040837,948631,978183,1049829,987940,1007158,1012674,1000028,1013940,981105,985247,956784,988842,978163,
59000:972874,1016157,1048449,1051681,1004708,980158,953966,994491,1061732,1035128,1057954,1081157,996469,1010265,1013257,1038113,1034979,949437,1028270,976555,1006767,1022409,1010900,1035048,980904,1012627,1086018,983518,1059475,990992,992471,1023032,986922,1006313,1036053,1066984,1013863,992231,969401,1021559,980010,994287,984584,991579,985527,958689,999972,992224,953604,1120587,1050030,1066090,1003967,1046092,1021108,1019204,1039518,1043449,1002449,1099319,1044641,1021150,988465,1019498,1012546,1013320,1027433,1041795,1024184,1038240,1002228,1027736,1005308,1012972,1028315,981661,1001934,1013885,991456,982519,1043442,980166,986303,1057352,1008654,997728,1012032,996060,1007725,1020875,1050546,969596,1050802,996965,980523,983860,1040165,1015942,1008344,1025513,
60000:1117763,1030308,1037217,991629,1073501,1084226,1009687,996483,1042068,1001117,1005211,1027079,1017095,1037460,1086276,1027443,1010718,1067212,980454,992288,958173,993509,1056206,998034,1076993,1032789,1020358,1011803,1078392,986936,1057528,1031753,1014141,1078136,1045313,994431,1065612,1010396,1037009,1012020,1031751,1112443,1014609,1100182,997205,1025579,991601,1026242,996968,1057770,1040643,997478,1054155,1039224,1007912,1069098,1125001,992929,986544,1059644,1075641,1019809,1061848,992239,1022716,1096145,999938,1021503,1029953,1060438,1052156,1020609,991346,1079486,1001917,1049358,997631,1131699,1021250,991864,999215,1040775,1010776,976665,1045981,1047083,1111565,1025035,1002351,1045470,1011187,1057660,978113,1058748,1004332,1009831,1030605,1021859,1017050,992385,
61000:1078981,1032623,995350,1070208,1074543,1022897,1049886,1027444,1050700,1061345,1079975,1208465,1072871,1024972,987827,1144326,1068724,1123982,1048103,1134025,1024078,997259,1054355,1058152,1031957,1023483,1036069,1089792,1031334,1052791,1089060,1062148,1001063,1012171,1067143,1071228,1060930,1056888,1049362,1129561,1099149,1080844,1065332,1018191,1070440,1045774,1014900,1012476,996882,1049875,1039572,1053442,1081591,1001412,1106389,1122270,1089778,1005925,1078888,1079772,1036695,1025162,1043470,983446,1053233,1051707,1020648,1078556,1100662,1105362,1064404,1011285,1104844,1008065,1034749,1072544,1041080,1072559,1121413,1056140,1039222,1003214,1090548,1085424,1125101,1075078,990213,1032242,1064670,1083389,1183230,1086161,1011950,1064350,1133302,1101882,1103251,1077420,1057956,1008141,
62000:1018007,1124427,1027247,1094549,1123929,1062950,1090139,1054354,1078485,1047642,1038130,1065754,1045376,1112527,1068947,1033488,1047900,1143126,1064796,1020524,1090703,1065622,1077280,1116673,1117812,1054458,1087520,1050285,1037353,1094480,1112783,1154592,1034598,1043623,1064620,1041017,1117343,1094409,1030650,1039175,1046912,1082655,1028841,1037819,1093362,1027281,1086598,1024904,1131311,1015208,1041868,1075510,1076652,1054141,1018503,1004713,1128788,1132686,1068077,1093212,1076561,1087076,1047036,1089939,1126757,1082216,1121558,1191455,1079282,1069474,1036210,1015033,1038406,1035169,1020251,1165538,1065186,1058956,1023455,1038314,1040524,1062028,1060631,1045144,1132949,1042476,1088562,1083564,1082846,1089494,1073702,1041621,1009119,1069687,1048880,1080598,1043450,1075937,1058177,1079578,
63000:1086218,1070214,1099548,1113428,1090046,1086683,1142153,1095632,1079896,1095836,1069572,1148512,1163168,1067841,1157254,1040473,1053144,1145770,1051576,1100557,1052911,1069316,1075064,1106839,1061666,1071634,1067459,1147866,1065561,1110797,1144615,1132241,1074770,1174675,1095342,1059729,1107688,1079017,1067020,1207456,1113029,1152186,1205354,1076955,1108960,1161918,1055812,1100504,1072557,1074907,1102382,1060729,1157242,1120503,1049636,1059131,1241696,1069355,1038231,1120568,1022134,1089918,1083731,1120417,1031258,1083687,1133721,1121208,1012852,1061970,1035571,1121195,1113634,1066598,1108055,1202929,1059767,1122877,1035819,1051353,1102296,1163649,1120850,1084665,1110455,1099417,1224323,1048795,1043819,1102886,1052400,1039686,1065529,1206408,1248431,1059900,1095135,1132677,1102381,1034060,
64000:1084913,1106071,1042519,1056065,1114519,1130779,1125784,1103824,1133003,1094156,1111315,1050542,1073724,1100320,1094899,1065554,1130111,1147495,1115372,1112763,1095852,1097149,1078970,1141864,1113827,1110219,1125220,1171947,1113008,1124823,1101991,1104672,1136934,1077387,1113089,1068953,1076662,1079476,1129618,1134012,1069366,1117292,1131852,1114002,1099856,1083391,1071510,1068986,1078051,1105674,1097834,1187254,1094269,1056836,1214613,1090105,1054846,1185196,1130795,1086442,1128303,1082293,1093447,1143741,1090364,1087542,1151356,1075761,1156030,1090132,1064275,1094229,1061664,1071354,1050006,1136225,1074531,1073115,1070586,1050927,1079183,1072068,1064884,1118012,1090340,1110891,1095187,1077206,1061859,1130011,1068993,1147654,1145812,1094469,1112684,1093845,1110103,1103385,1185650,1174879,
65000:1070720,1120130,1151153,1090400,1129427,1169563,1145091,1268014,1081036,1237441,1158548,1116554,1151363,1105661,1148872,1086770,1179635,1091012,1127965,1105804,1104758,1132341,1164784,1123176,1103077,1122614,1181375,1267038,1194369,1241718,1126735,1156377,1177516,1111748,1203997,1114227,1127002,1141299,1129790,1137550,1151982,1105607,1080401,1156691,1065933,1132380,1140814,1126948,1141167,1140937,1147254,1150159,1197722,1127479,1195925,1118623,1122785,1169820,1119756,1107004,1181747,1082579,1049279,1131626,1177275,1121667,1061807,1204909,1139738,1124268,1158799,1117724,1083318,1179705,1132336,1180330,1054918,1114313,1141135,1150879,1092376,1171932,1142305,1158861,1168868,1112964,1170440,1218586,1118005,1126790,1151782,1111532,1062104,1104145,1148661,1106367,1134633,1193805,1120671,1128270,
66000:1107977,1220573,1156092,1106801,1300294,1151531,1120209,1215837,1148988,1161819,1180527,1142898,1122466,1141293,1135280,1165153,1140810,1149567,1152038,1169758,1112242,1236316,1268146,1135685,1196173,1167644,1095890,1171958,1099826,1090717,1144112,1134863,1293979,1179647,1139792,1152804,1099059,1156958,1105484,1111759,1175254,1145205,1124695,1151213,1094388,1117702,1187514,1090208,1134498,1101472,1152678,1145589,1224373,1100363,1171970,1181471,1182902,1085236,1114507,1209247,1145315,1177386,1142463,1131577,1145663,1167857,1187503,1129429,1108947,1133339,1118177,1114266,1155289,1110803,1110431,1141162,1131063,1147600,1116187,1107046,1118706,1153074,1267633,1116038,1200045,1215858,1155952,1139303,1111852,1172736,1114580,1178771,1145613,1200285,1190624,1158471,1093653,1119510,1075030,1112324,
67000:1129203,1155147,1163234,1124718,1241161,1149519,1187054,1198929,1204210,1141004,1151919,1130664,1214569,1133403,1161444,1137911,1209136,1212374,1169806,1175487,1171254,1137785,1168875,1242892,1134616,1082684,1182893,1187712,1218972,1180104,1105532,1172073,1187147,1124548,1135930,1142876,1178181,1130864,1126295,1204695,1214503,1205394,1144829,1224057,1190401,1208404,1218634,1188690,1248913,1165651,1153729,1217763,1194978,1171638,1176303,1167750,1273747,1126995,1176050,1152400,1342156,1177823,1200845,1147386,1137625,1161544,1241949,1114392,1125535,1132007,1113065,1214650,1191309,1116589,1178128,1183412,1156908,1139716,1126943,1134669,1124680,1173013,1159776,1160216,1238293,1136920,1172363,1137470,1144488,1161469,1118424,1153397,1144744,1184292,1132350,1171736,1173931,1194224,1205141,1191012,
68000:1215095,1165015,1164667,1224719,1171541,1218327,1166757,1155526,1224767,1190255,1219384,1167450,1155188,1157920,1158438,1187850,1217088,1145460,1147726,1216418,1187185,1176106,1193711,1263036,1194227,1204328,1155611,1287286,1165471,1202905,1155286,1160159,1194700,1162755,1186680,1229019,1248629,1150530,1159946,1192316,1227629,1163267,1172516,1162771,1152662,1167183,1146529,1151113,1230638,1262680,1185082,1153641,1156412,1162513,1192310,1142674,1192298,1165922,1215482,1171353,1188611,1190854,1220128,1172032,1186246,1180740,1157202,1158135,1172573,1240478,1164638,1208379,1158410,1155972,1208971,1182245,1236571,1227527,1168768,1226842,1123872,1213042,1238767,1165738,1182230,1171513,1180618,1141807,1206543,1175759,1260231,1149324,1167393,1162685,1151295,1167002,1196715,1215471,1171063,1182501,
69000:1172880,1287396,1207193,1135542,1230531,1181211,1183655,1153742,1146554,1206676,1154088,1156713,1185061,1274978,1232302,1197920,1286058,1230548,1239137,1179459,1195808,1123263,1265107,1245899,1186044,1161023,1148386,1205344,1177049,1282448,1166392,1244663,1166476,1152825,1326657,1184764,1168526,1234025,1204698,1195298,1216887,1257171,1188459,1160610,1162701,1150965,1163985,1182456,1208526,1161743,1197801,1174737,1145941,1302862,1204901,1202506,1198733,1145996,1214842,1270808,1213774,1155798,1188563,1185413,1201573,1274780,1244429,1189407,1269844,1173097,1191641,1201623,1175942,1219514,1179618,1283883,1232475,1202873,1208403,1225649,1257613,1257256,1177703,1197917,1217545,1295084,1255696,1220647,1227639,1251630,1183718,1184370,1162802,1176428,1191819,1194746,1216408,1195505,1183799,1291280,
70000:1186043,1146180,1221891,1146154,1214765,1211857,1301116,1177656,1277616,1224184,1242389,1180919,1209234,1173602,1298157,1195025,1235645,1244066,1211408,1215238,1189938,1199620,1190412,1165379,1208004,1259853,1237437,1238418,1224083,1197413,1198626,1243221,1233154,1211608,1202089,1196083,1196871,1240217,1208989,1180224,1177409,1260329,1159730,1144627,1269138,1210297,1230380,1187648,1202209,1229959,1234187,1175953,1271567,1204698,1192513,1143773,1182953,1293824,1159726,1251948,1214309,1197641,1186317,1285341,1324498,1255751,1241660,1368592,1213414,1225607,1320552,1235345,1212369,1192630,1174559,1218514,1303265,1288375,1194545,1207231,1256756,1222558,1167203,1175592,1203015,1153539,1195834,1238346,1316423,1206145,1227246,1187881,1239539,1204016,1229643,1215168,1252061,1173350,1194642,1171477,
71000:1209093,1259785,1254559,1275551,1263899,1224394,1220288,1238172,1327243,1319757,1299020,1205085,1269092,1187117,1280546,1267746,1171507,1209594,1188375,1294527,1205750,1263282,1254187,1253809,1252985,1213966,1349174,1309140,1264517,1236153,1254847,1253112,1316919,1196582,1281692,1200551,1306660,1252666,1457270,1290291,1377301,1221447,1252757,1280612,1182558,1163348,1310219,1237961,1243736,1296344,1323419,1289797,1292843,1339081,1259471,1301225,1243321,1255679,1267729,1229976,1218870,1318927,1302146,1219366,1260332,1334555,1234599,1211366,1234579,1301648,1213599,1208298,1213827,1216664,1225124,1218536,1252843,1227318,1195377,1174000,1228907,1180697,1278106,1226133,1314505,1238246,1233929,1189396,1205961,1309263,1374465,1258837,1176290,1215894,1268484,1234857,1313830,1254803,1314598,1223929,
72000:1207365,1259252,1339615,1282384,1242609,1279623,1265861,1236380,1333949,1225990,1261688,1240756,1290126,1338270,1272615,1245012,1226993,1251429,1269548,1322777,1261194,1254222,1257897,1285531,1261992,1277519,1290733,1249948,1265574,1224521,1291317,1231304,1172075,1257727,1226676,1192469,1233807,1222864,1287475,1210285,1308361,1281040,1244617,1256517,1273072,1321162,1242868,1285310,1236414,1291232,1212253,1246870,1272517,1310846,1262791,1273579,1301872,1234037,1395985,1283041,1288328,1256280,1259603,1255726,1219260,1302266,1249610,1278760,1278109,1354814,1276519,1265016,1299371,1248135,1306757,1290427,1267003,1251336,1222456,1240548,1249643,1288757,1248168,1349230,1246743,1192744,1235643,1248802,1309990,1277368,1270409,1279489,1350757,1337654,1248565,1276728,1304791,1244824,1247417,1258511,
73000:1266710,1316472,1323963,1230760,1300230,1318423,1282799,1290317,1285736,1260563,1464406,1275598,1269857,1340716,1215153,1287470,1255890,1240309,1235963,1277924,1354197,1317985,1368574,1352572,1250019,1222518,1277318,1367676,1365120,1228045,1242737,1261550,1382363,1237326,1290144,1314380,1297550,1238753,1265437,1300098,1271749,1303291,1388042,1317941,1328255,1319749,1281592,1271412,1259188,1298900,1223771,1342430,1271381,1221665,1309935,1247176,1247903,1308274,1256462,1281124,1288924,1242340,1278970,1295022,1267910,1422871,1289790,1209957,1243925,1295459,1270075,1279724,1254528,1284619,1321705,1302839,1277527,1256539,1321519,1286701,1239311,1333551,1250316,1302305,1260193,1247627,1321877,1246944,1244349,1266924,1273797,1259563,1298818,1245848,1368438,1269812,1347916,1334750,1327243,1277915,
74000:1322192,1432268,1236840,1265686,1290642,1281582,1299340,1304481,1289455,1468648,1350052,1287568,1246822,1360226,1290906,1313504,1282464,1331930,1296608,1278927,1284391,1320719,1300291,1387522,1241953,1293640,1309019,1353963,1249132,1287749,1303286,1290979,1305695,1304225,1289409,1315028,1369201,1293985,1310032,1340668,1298325,1285331,1316550,1420610,1259279,1252912,1261575,1283986,1294046,1305024,1324538,1279288,1287290,1239091,1293008,1334230,1298777,1335021,1370209,1286256,1319574,1253655,1359987,1251512,1506387,1342449,1250491,1281477,1284030,1288196,1302406,1276718,1265132,1335753,1321690,1370113,1351699,1281074,1280244,1263511,1245741,1242541,1304485,1239896,1290377,1320737,1349554,1431532,1325099,1288510,1314460,1277608,1313122,1256226,1278235,1281247,1264258,1277455,1318555,1311754,
75000:1281127,1343892,1384680,1367369,1282305,1303208,1291341,1383133,1342551,1306848,1252946,1248383,1344960,1321246,1367483,1406178,1385547,1365562,1363233,1360298,1317365,1327995,1260426,1340966,1278255,1315375,1352971,1467599,1260169,1383684,1281453,1343702,1317751,1330796,1333245,1361602,1406059,1317301,1323693,1402346,1380810,1246243,1302760,1301815,1310197,1314100,1357020,1259193,1311798,1293295,1306415,1353402,1286380,1303974,1307453,1387855,1342909,1310458,1351222,1402566,1411313,1377864,1270541,1292576,1314453,1327712,1368034,1413093,1271972,1338646,1327998,1313369,1312090,1338698,1364792,1320449,1277116,1315034,1345223,1346595,1346340,1286388,1299593,1338764,1368211,1310680,1309763,1348164,1322107,1382197,1362390,1344834,1267715,1256432,1281610,1321836,1301455,1329377,1304159,1277535,
76000:1363348,1319264,1350779,1334867,1264182,1404733,1300900,1323493,1300810,1345837,1337073,1355933,1338919,1345326,1328027,1307191,1297825,1391760,1385374,1296524,1403048,1285993,1348673,1464947,1352402,1347530,1513791,1287618,1296937,1327200,1306947,1325121,1330876,1381739,1389891,1285983,1432169,1274823,1341865,1321560,1333440,1368581,1271953,1321957,1356785,1423833,1385337,1420241,1323759,1315918,1332542,1369141,1340197,1368863,1342774,1294613,1404860,1288780,1296050,1291699,1370673,1345875,1293001,1402698,1337147,1416304,1393745,1388679,1344319,1341094,1294340,1406827,1261894,1434943,1363896,1304666,1295212,1433508,1363595,1329749,1386977,1336238,1320182,1355559,1311573,1490677,1370214,1374343,1274709,1382265,1414093,1357906,1350345,1363267,1292805,1317561,1433100,1342086,1348852,1350439,
77000:1305310,1380507,1326309,1705278,1285951,1302089,1326840,1313478,1458712,1320526,1364825,1503586,1309609,1319802,1296610,1407940,1342859,1391244,1283675,1393141,1290828,1318873,1334015,1366106,1365953,1472516,1366412,1303131,1374956,1366527,1345817,1370276,1407761,1312645,1410052,1390262,1512582,1353956,1366549,1414958,1446794,1349783,1418619,1349230,1329306,1418224,1309474,1336642,1401810,1366360,1338806,1345093,1309085,1328768,1421950,1384455,1333069,1347179,1356765,1389233,1445404,1353173,1361650,1378597,1413147,1317228,1355675,1359024,1402966,1416704,1362398,1410960,1338986,1300579,1365948,1382581,1350109,1408005,1306796,1347803,1362591,1347041,1342836,1414588,1382010,1373720,1327502,1416230,1351317,1324373,1340472,1309975,1331891,1433840,1429831,1348611,1346179,1404948,1468493,1323295,
78000:1432698,1396327,1397094,1326928,1287648,1481236,1369402,1387310,1339267,1323566,1461671,1313007,1373030,1385704,1409189,1397752,1336564,1366337,1346401,1311761,1315603,1554990,1319920,1329901,1377987,1371612,1395033,1367544,1380391,1386514,1361421,1359093,1449236,1362217,1314665,1340078,1446648,1399665,1297511,1425515,1556139,1330365,1430134,1526784,1303184,1420741,1351024,1378722,1392582,1366976,1377818,1398747,1346075,1423224,1399827,1316897,1343042,1380203,1474032,1462686,1390348,1388553,1485508,1301681,1426912,1335429,1318643,1453047,1401152,1359900,1370572,1386930,1394869,1382879,1326139,1359203,1446257,1316356,1432394,1353395,1447163,1328846,1370126,1388609,1418461,1335376,1315873,1420735,1330591,1343664,1455074,1386881,1393220,1396564,1360987,1337216,1463781,1371126,1383893,1369407,
79000:1338711,1385584,1376004,1423712,1393206,1351827,1344730,1347907,1401603,1459249,1371897,1471526,1384888,1424579,1350477,1468182,1364346,1402688,1346920,1365478,1445095,1395196,1409742,1401506,1360567,1380437,1445937,1416032,1475841,1318697,1462442,1449678,1399251,1414889,1422497,1507278,1386735,1346922,1581275,1402873,1324515,1375044,1475312,1431323,1619449,1346649,1375246,1420047,1387120,1372685,1335559,1381937,1469089,1326064,1466199,1342565,1386444,1345561,1384503,1345676,1389837,1386841,1382291,1421160,1395367,1388406,1362647,1403917,1363488,1415500,1421549,1389325,1358688,1515570,1356443,1447389,1416585,1386656,1450588,1353643,1369635,1317234,1323921,1376447,1440595,1361306,1407890,1327064,1378391,1479893,1452600,1457683,1377086,1455049,1381006,1355939,1407528,1368979,1387305,1386517,
80000:1456746,1375353,1368611,1432018,1360295,1393897,1376901,1431346,1412799,1413487,1388935,1417505,1486098,1400662,1364209,1443743,1408083,1592087,1441707,1603212,1372319,1459601,1577910,1376794,1427831,1515488,1444686,1398489,1425259,1464276,1570811,1445405,1501636,1440128,1401189,1416492,1466548,1535789,1368315,1407020,1443116,1383816,1384867,1474576,1381892,1424111,1403107,1397640,1353023,1551144,1343425,1589320,1436276,1433140,1482745,1372519,1459091,1422749,1473295,1383980,1480118,1370582,1394771,1453773,1484006,1407743,1485331,1575969,1522281,1461958,1409257,1444141,1429033,1428189,1478354,1341505,1420794,1383284,1416734,1405101,1427983,1374728,1377235,1505212,1369975,1437710,1402832,1349189,1415495,1400533,1397922,1383521,1387021,1413684,1436913,1417842,1396600,1440313,1372416,1411937,
81000:1491276,1405506,1456092,1521305,1457139,1405962,1411674,1413707,1409180,1413647,1420549,1477224,1547344,1374429,1530311,1437143,1457128,1405981,1420371,1477824,1497489,1407108,1437188,1436493,1402843,1386181,1451358,1407264,1389402,1357451,1398309,1387084,1495953,1504655,1487777,1432067,1447644,1390365,1369647,1390307,1486649,1439111,1506470,1468667,1403042,1476014,1417845,1505998,1527595,1396822,1437151,1435928,1362181,1489970,1536189,1459492,1460967,1452396,1527468,1418909,1393525,1473871,1412602,1376928,1472850,1394591,1474729,1418955,1429365,1519502,1381594,1413944,1355752,1430247,1470515,1395168,1444759,1375715,1462641,1393823,1443635,1493189,1432648,1377220,1426700,1495533,1456467,1503629,1478388,1526772,1451732,1572553,1457055,1444798,1400100,1469056,1476738,1410651,1450968,1425948,
82000:1443921,1405048,1597899,1495079,1480986,1423260,1461277,1418790,1421065,1432921,1458431,1438182,1456541,1479315,1425332,1524812,1489653,1489179,1484121,1481419,1422773,1460830,1542738,1436590,1438239,1407705,1481886,1526242,1464070,1423266,1454807,1477916,1532591,1496470,1443401,1383543,1469993,1384038,1517129,1485621,1474740,1453456,1409944,1426721,1500945,1471434,1475548,1480353,1496717,1419930,1445403,1601717,1572374,1443940,1494886,1434765,1547353,1502454,1443893,1425412,1488627,1511494,1494717,1393112,1423547,1598624,1451505,1520259,1498095,1513317,1395868,1451526,1455335,1445606,1449759,1465520,1463862,1539009,1417318,1455316,1454435,1393012,1471351,1585272,1460108,1541486,1390141,1456059,1468896,1505440,1426076,1405519,1494197,1406214,1471361,1446141,1408761,1440991,1430330,1488669,
83000:1423116,1494987,1531269,1575884,1534157,1513444,1412198,1437403,1463553,1534155,1499998,1465470,1516548,1524023,1575709,1503751,1427301,1449639,1483733,1527684,1455453,1452567,1481043,1497090,1477755,1462564,1494346,1482407,1497014,1553299,1528823,1574828,1398420,1551310,1503655,1486955,1472943,1463284,1436504,1411273,1575076,1463359,1475550,1494833,1497280,1475349,1415077,1459966,1477177,1543242,1580480,1438565,1467803,1498285,1416833,1440705,1469131,1454846,1492055,1485607,1546439,1499206,1546567,1482882,1471887,1449994,1466611,1482191,1433395,1446422,1552137,1594898,1443319,1497068,1417740,1476182,1565335,1403647,1590699,1448360,1485178,1494116,1421155,1478940,1421094,1440692,1448018,1411140,1460796,1408660,1496446,1512462,1526193,1560595,1562929,1484175,1450025,1356385,1549307,1464359,
84000:1523466,1493909,1402017,1509366,1488713,1452327,1492359,1518359,1441468,1665350,1494680,1526788,1445287,1525470,1439900,1558984,1603419,1507621,1508787,1484756,1561426,1536056,1483607,1468335,1509761,1477630,1539539,1502896,1568168,1506302,1570033,1539332,1474021,1471068,1522573,1472277,1466857,1477785,1530667,1527068,1574975,1433079,1515795,1492736,1469870,1584229,1700576,1498260,1479974,1582841,1530986,1523773,1458142,1489721,1518459,1589621,1406980,1500900,1514562,1534197,1522972,1571458,1532535,1527730,1487935,1546297,1620289,1474321,1464460,1450207,1604669,1584077,1472908,1436643,1523052,1539431,1517207,1486877,1438748,1595842,1603741,1528377,1580204,1462120,1475974,1483798,1515413,1438061,1578684,1421542,1499786,1538935,1420050,1556679,1450359,1427903,1527056,1457975,1452028,1470763,
85000:1507867,1527330,1449680,1517025,1495486,1524729,1532771,1521684,1476768,1541826,1623607,1589647,1489761,1497034,1677167,1451674,1530657,1487818,1500202,1508554,1536255,1524811,1532106,1496827,1482624,1559964,1585433,1436387,1490500,1481815,1535413,1507709,1491222,1479213,1531679,1570537,1604621,1641882,1554190,1479592,1462787,1488148,1492055,1492622,1528406,1622771,1517838,1483903,1420158,1493591,1467998,1592929,1613385,1640533,1527930,1523241,1505370,1600999,1589742,1520396,1501318,1501688,1509456,1493055,1517730,1460184,1564564,1514780,1581956,1495842,1536707,1488702,1479411,1537734,1459303,1512694,1571520,1542806,1602181,1488290,1517923,1456996,1501289,1593977,1451666,1654170,1531266,1480398,1451486,1531436,1532788,1549119,1590995,1452184,1520358,1520879,1557364,1591498,1469168,1532125,
86000:1571414,1528988,1449338,1577415,1547461,1563525,1418701,1537726,1567406,1511228,1501043,1495366,1898403,1574179,1594560,1513058,1477344,1498107,1482851,1496096,1593645,1653731,1540823,1529214,1537865,1478643,1523493,1512105,1537206,1609282,1673551,1537371,1582334,1547688,1545991,1505725,1523905,1544465,1516103,1570366,1581274,1467585,1519959,1506793,1473166,1527984,1520714,1523588,1577076,1459880,1520178,1615431,1542777,1516231,1496014,1569428,1551034,1487109,1506837,1460802,1591644,1586991,1578246,1549921,1484714,1553242,1578309,1745850,1586066,1557923,1484250,1471822,1605473,1601806,1560365,1729748,1541059,1547782,1516891,1487302,1604214,1530690,1520559,1595248,1517799,1549375,1617772,1615799,1462228,1623106,1528573,1481724,1575861,1502035,1580240,1514756,1504037,1543179,1615227,1477417,
87000:1622562,1551395,1569798,1525659,1582817,1620974,1539266,1619781,1551909,1714125,1528043,1583926,1558146,1600141,1543224,1624649,1539069,1584411,1511061,1519756,1563244,1569719,1562783,1495411,1607933,1529180,1577161,1648487,1618243,1744199,1577492,1526616,1570529,1622975,1579914,1538387,1486914,1553430,1561881,1531530,1572876,1565609,1551162,1517799,1725713,1578531,1513049,1489650,1601130,1567462,1550036,1605333,1567690,1638838,1686482,1576517,1627395,1567973,1571598,1513303,1596953,1493669,1581683,1544852,1540924,1580655,1547477,1528826,1577290,1598954,1659343,1559521,1645925,1585074,1613329,1596038,1532271,1516937,1582427,1523546,1595269,1529041,1487788,1488472,1533834,1531342,1498630,1544001,1532345,1534336,1503834,1504219,1487471,1506532,1550832,1554459,1460361,1648578,1605788,1573984,
88000:1535197,1571272,1649075,1501118,1538673,1564017,1626877,1627771,1724910,1606889,1649186,1512590,1766264,1609749,1564238,1542807,1638581,1700110,1564375,1632739,1562868,1680498,1591638,1550961,1560277,1589776,1532740,1520772,1621440,1527441,1517902,1533490,1622836,1612648,1636404,1601509,1567942,1551577,1517842,1615404,1515987,1603099,1580074,1489912,1563381,1544175,1579439,1565212,1554711,1647412,1646260,1576498,1664588,1677163,1531647,1561781,1758625,1629804,1560723,1600902,1622101,1602535,1567770,1706157,1510395,1553557,1598789,1588926,1536508,1503399,1570298,1584515,1593004,1567275,1549631,1659943,1612927,1626989,1579608,1604083,1566504,1607302,1631123,1549421,1578446,1539060,1693470,1502314,1606329,1521767,1666180,1673317,1546005,1486238,1597361,1572165,1569352,1507716,1603585,1647158,
89000:1593604,1579804,1645031,1562431,1592108,1556049,1577560,1602915,1572275,1611967,1643766,1661412,1570643,1639062,1619599,1575580,1673168,1556696,1646542,1694853,1525213,1559208,1714162,1607440,1682750,1595473,1564974,1564302,1530854,1615824,1562188,1686112,1563437,1632400,1546610,1610510,1671361,1594209,1574830,1611358,1605958,1744209,1642442,1617225,1679584,1588359,1616810,1560332,1594452,1535274,1611780,1552487,1636191,1618475,1581149,1549242,1570586,1608591,1584526,1627023,1600808,1622317,1621806,1570378,1675472,1706199,1513889,1534032,1639552,1563744,1583338,1799530,1544684,1590111,1693328,1592721,1570350,1599999,1516217,1611792,1618582,1716097,1568567,1558849,1552970,1606075,1543830,1585143,1587728,1629018,1614290,1576165,1592635,1572547,1592051,1602419,1552667,1700403,1694239,1657748,
90000:1682396,1578276,1665404,1542294,1636746,1659463,1587360,1664900,1583658,1591929,1643261,1635185,1679954,1736593,1596034,1630352,1620354,1645955,1584278,1617560,1689821,1608589,1625680,1605623,1662592,1776510,1543353,1656163,1637299,1561618,1554580,1691008,1603237,1718879,1585854,1621853,1629989,1596348,1641116,1625451,1559733,1738760,1611555,1560229,1597918,1805332,1658798,1634282,1630683,1599908,1813960,1597443,1820426,1669583,1616255,1698912,1602614,1709589,1614587,1706531,1580452,1610735,1663485,1581763,1684928,1605176,1530265,1717642,1537171,1701442,1647630,1639430,1626646,1622241,1606445,1566967,1639226,1729473,1623334,1605449,1602806,1552129,1671891,1651333,1580820,1571670,1661725,1643416,1882932,1620829,1639428,1649195,1618363,1670099,1664605,1614921,1661558,1690340,1652476,1741488,
91000:1654515,1635792,1654324,1600266,1703889,1665418,1717252,1634682,1815259,1659068,1689779,1648646,1678126,1570751,1612826,1650887,1609461,1644473,1591508,1730588,1577794,1590436,1591897,1919044,1646892,1645802,1616248,1654364,1704726,1565547,1712299,1635415,1607495,1589357,1695239,1895299,1714308,1621120,1724288,1704860,1617452,1664218,1743539,1611450,1621179,1644275,1727523,1663457,1579387,1584325,1600604,1656410,1646457,1574275,1630283,1661326,1717525,1676620,1611496,1719695,1597608,1655647,1673621,1651832,1593861,1631814,1663451,1592293,1597614,1653748,1847636,1627771,1687284,1616666,1617735,1691771,1678534,1743271,1596137,1687606,1623394,1624904,1748418,1636990,1668725,1604201,1593591,1573389,1618710,1607287,1600089,1782563,1619752,1778579,1661017,1662300,1591639,1822225,1589286,1723867,
92000:1645313,1677184,1578530,1634748,1659125,1595091,1650632,1620665,1575161,1741344,1675981,1708331,1631084,1693267,1718766,1797323,1646573,1572921,1626800,1731748,1683015,1610154,1689404,1604681,1725645,1615062,1598468,1657917,1852091,1657950,1582076,1600728,1708861,1684997,1643458,1593399,1644144,1611717,1605178,1712928,1697567,1669835,1660693,1583048,1769172,1581012,1572004,1619155,1665737,1679764,1598300,1689674,1870586,1715932,1701178,1737262,1554628,1585135,1603708,1701078,1617514,1609072,1618016,1755150,1637703,1606904,1677969,1750073,1636227,1623856,1823887,1698318,1664227,1593016,1651104,1695328,1689544,1626496,1693174,1751997,1730512,1651133,1614554,1701025,1624098,1599723,1796742,1618857,1735184,1692090,1631518,1643231,1677223,1640459,1714794,1894396,1657339,1772438,1642073,1589888,
93000:1669787,1608981,1609313,1623695,1703090,1658404,1612605,1705873,1621596,1695443,1769500,1658605,1677975,1656346,1626946,1809647,1642241,1660636,1711525,1693195,1693956,1762894,1727703,1663654,1713584,1696606,1709342,1639168,1666391,1608550,1671053,1681642,1711759,1776356,1673956,1629945,1772282,1906347,1633709,1817064,1620310,1655878,1644185,1712890,1661029,1672188,1649488,1721962,1657169,1629634,1599070,1679659,1623020,1586096,1650149,1818145,1699346,1608486,1781835,1649230,1637184,1677576,1638522,1754986,1726879,1680238,1619550,1712734,1565952,1733171,1685110,1611985,1854394,1652281,1683415,1747389,1732825,1730182,1774859,1749548,1619418,1675801,1704952,1654340,1740590,1638988,1619356,1598150,1769337,1698002,1653134,1661631,1731767,1835368,1635352,1697541,1786763,1643205,1633793,1662057,
94000:1748452,1752156,1756796,1642519,1650993,1686071,1745400,1657927,1704209,1636336,1802961,1637278,1738160,1636150,1735217,1686310,1791822,1742411,1678648,1720245,1675907,1699832,1677633,1747262,1711118,1656452,1849101,1753015,1734541,1744780,1641829,1707101,1749015,1722965,1682832,1823195,1876536,1622293,1722282,1672892,1688991,1764787,1889215,1735528,1639761,1659497,1641590,1665574,1731668,1828036,1692726,1658334,1670996,1802512,1705763,1693521,1693876,1773133,1724052,1769528,1662913,1618548,1651667,1607007,1725678,1741084,1729667,1694075,1765964,1805050,1665684,1629171,1689862,1637748,1628311,1642373,1628989,1657031,1629676,1743147,1847909,1683302,1691256,1728285,1634382,1756942,1631407,1842221,1843173,1620549,1744702,1664594,1687661,1655715,1637053,1676920,1793176,1670612,1666149,1698016,
95000:1698327,1918812,1669147,1902619,1756495,1687728,1769383,1666195,1676568,1676753,1680561,1705579,1828220,1732554,1796600,1790708,1729494,1814674,1692027,1730960,1732334,1693491,1673595,1691636,1732326,1727355,1733181,1802267,1685499,1687318,1717547,1679726,1755625,1719031,1697172,1755488,1624607,1705215,1722099,1747746,1710599,1686479,1696051,1681937,1766988,1768119,1633975,1670843,1682944,1659815,1814172,1726857,1713061,1654864,1654271,1700710,1690400,1746895,1717387,1660982,1742032,1693913,1735698,1781861,1726566,1739726,1692585,1739150,1690125,1751166,1676888,1758913,1848263,1773966,1698324,1721480,1715183,1757956,1798113,1730154,1631534,1761658,1853718,1680268,1681189,1686079,1632417,1738857,1803017,1827331,1708776,1669501,1826760,1693444,1695356,1646484,1726394,1677507,1793829,1735351,
96000:1797118,1750451,1719206,1691565,1727214,1769105,1696654,1699897,1785675,1694795,1708672,1796789,1668660,1949080,1731306,1648597,1690395,1737946,1699662,1842952,1747953,1729755,1692708,1713881,1733088,1687532,1727390,1695099,1760937,1779369,1664436,1735979,1838314,1875513,1682160,1748643,1761933,1764388,1762668,1819528,1896852,1847726,1650329,1683984,1628611,1692309,1710871,1768425,1759471,1761197,1914792,1741177,1879441,1733797,1765212,1751767,1779661,1675913,1707889,1733125,1797933,1750917,1752353,1755350,1751474,1819113,1741964,1780711,1734901,1807773,1740933,1763254,1702175,1716296,1720629,1740547,1662410,1770171,1761691,1623098,1824735,1731524,1935692,1779650,1766718,1696312,1858464,1699364,1714935,1600282,1775536,1730302,1660071,1725473,1729022,1727357,1725955,1836368,1702401,1635187,
97000:1823855,1689565,1765565,1787728,1712915,1725434,1782673,1687743,1777778,1686247,1736686,1687023,1788289,1774911,1781678,1809896,1743863,1858144,1683801,1868282,1670328,1795988,1678388,1815826,1788680,1748914,1721468,1767063,1767131,1767718,1795725,1769546,1707572,1783098,1738019,1807121,1815012,1780187,1761533,1735112,1698620,1737225,1679518,1750056,1731749,1738652,1829325,1660748,1705755,1756130,1768506,1866835,1673871,1752953,1680594,1747820,1728262,1756325,1753183,1797375,1766948,1666504,1734092,1771262,1811330,1739663,1738286,1768765,1701542,1758538,1774907,1712050,1774084,1763212,1711524,1772937,1735235,1785244,1793090,1662102,1727868,1804416,1788195,1693787,1833856,1881661,1800824,1737821,1852678,1863018,1801159,1811478,1773224,1787443,1704050,1739096,1711404,1792511,1741397,1727150,
98000:1953439,1817658,1776580,1721890,1766834,1731546,1721750,1790210,1743532,1802716,1897073,1745812,1688962,1945305,1779857,1795369,1790692,1827532,1792676,1781084,1745676,1720287,1752503,1800098,1722614,1726617,1735114,1847973,1786355,1823277,1668086,1791864,1838235,1719239,1750344,1994302,1738925,1767799,1788699,1804041,1734094,1827093,1828796,1844044,1904871,1812077,1650109,1675891,1916616,1781007,1750533,1823005,1805135,1751135,1795276,1818476,1811527,1833497,1786290,1769074,1708478,1849590,1772044,1752079,1806185,1729565,1777194,1997079,1775179,1763538,1822359,1723601,1780493,1701127,1735981,1842447,1833976,1904281,1731571,1865586,1772927,1755376,1755176,1694573,1710619,1828865,1740174,1813307,1733987,1799400,1756011,1716993,1784045,1719705,1736910,1768412,1754206,1730302,1838962,1870950,
99000:1860537,1821023,1749051,1812381,1774740,1780242,1741895,1814926,1757264,1781669,1811581,1705780,1844829,1750164,1768319,1852384,1709641,1888695,1805466,1903745,1791066,1754083,1791990,1760287,1772359,1899935,1817247,1857291,1842744,1810765,1777547,1733654,1778265,1735248,1789341,1792698,1817585,1735817,1702567,1719253,1759346,1816632,1784916,1712667,1831473,1897816,1833236,1841368,2023335,1815114,1825992,1876236,1736367,1907392,1798142,1768379,1762365,1797060,1759001,1798592,1916736,1764548,1725721,1780078,1798545,1812831,1905022,1911577,1807770,1890223,1833860,1875244,1898126,1892380,1868250,1800139,1749293,1796795,1787902,1789911,1770053,1933295,1749432,1740947,1773056,1757250,1766124,1808370,1982429,1769579,1788025,1813583,1781302,1779193,1725765,1776292,1895773,1736304,1876968,1805010,
100000:1866875,1779981,1749863,1888163,1759846,1858226,1746823,1949041,1743885,1767060,1774985,1925168,1825733,1776486,1784385,1836551,1739437,1740581,1850581,1933422,1776494,1824369,1843262,1793725,1764985,1801737,1876793,1831257,1883050,2002742,1737380,1894578,1804568,1706653,1763596,1824316,1802872,1856031,1757169,1853761,1924493,1765496,1772110,1770963,1907211,1865607,1763044,1793697,1801714,1896984,1831976,1774552,1732454,1812905,1793135,1778324,1958126,1794421,1803289,1848032,1754533,1902664,1902347,1802038,1818652,1838204,1764925,1846152,1746511,1893502,1894851,1758557,1815604,1852859,1834885,1882963,1819656,1907843,1785326,1847396,1804636,1867514,1809416,1744444,1741663,1786570,1811604,1819555,1956771,1777376,1789493,1825155,1888528,1913748,1882652,1771780,1748938,1841981,1801943,1903322,
