15
1000:8365,8709,8626,9184,9309,8372,9131,9395,7998,9189,8805,8947,8975,9389,9992,8374,9263,9008,8702,8875,8823,9229,8239,8648,7965,7940,8418,8658,9112,7959,8642,9284,7764,8239,9529,8219,8406,8985,8201,9490,8371,7993,8700,8536,8244,8467,8909,9311,9951,8533,8622,8741,10047,8825,8780,7952,9788,8253,8850,7720,9664,8197,9306,8946,8962,7979,8425,9161,8915,8640,8168,8175,8260,8807,7979,9665,9029,7876,8660,9181,8694,8230,8441,9438,8431,8359,9198,7907,8882,8983,8121,9920,8435,7758,8507,9257,8089,8893,9863,7983,
2000:23798,21126,20203,20708,20534,22363,20580,18406,20673,18329,19282,20301,21588,21748,19354,19806,20033,19501,17753,20040,19675,19266,19530,19732,20473,18934,19376,20730,20912,19059,22136,23860,19403,19139,22157,20289,21487,17987,21705,19893,19247,19605,23169,19838,18962,19551,18946,20196,19750,19566,21540,18522,18321,18995,19686,19464,22769,19527,19825,18558,19913,18430,19370,21295,19482,18644,21051,20713,19969,20084,19224,20959,21278,19520,20824,19449,18895,21403,19830,19599,20683,20468,20278,20678,20171,20124,20880,18402,20633,18491,20122,20764,19422,20167,21812,24775,19570,21203,21186,19631,
3000:31766,33149,31225,33980,30968,32652,31538,32682,33334,31824,34049,32354,30367,29284,29904,33159,32103,32241,31570,31964,32181,30487,32164,31242,32095,32123,33126,30625,35268,33480,31335,32041,32130,31598,33761,33861,34182,36092,32201,31323,33723,34757,33628,33303,33433,30268,35113,31667,32673,30724,31461,30250,33823,32203,31121,32590,34842,32190,33621,32566,30910,31808,31100,31099,31975,31016,31454,30379,33644,35437,34545,32725,33222,31568,33610,33576,36478,32175,32334,31299,31245,32148,29155,33534,31019,33507,34051,31059,34755,31873,35161,32851,32118,32163,32617,31747,33154,30166,33126,34115,
4000:49821,43251,44849,45364,50051,43704,45629,43131,43197,47842,44403,42683,43305,47860,47535,45189,47874,43196,43397,45373,45267,43556,45325,45245,45393,44512,46501,42772,44794,48199,45855,47648,45376,48344,45420,45572,48247,46937,50730,42428,45947,42726,49041,49774,45244,44778,43871,45516,45454,46970,44500,48922,46523,49192,48289,50803,48621,44534,46804,46591,44520,46294,50278,41997,45459,48174,44655,44742,44647,52665,44539,46946,50866,44944,43348,41589,45365,48733,45294,42863,46238,50001,42334,51234,45898,46943,43179,47970,44020,43467,44198,45434,46206,45772,41548,45810,43106,44595,46300,47320,
5000:58854,57036,57968,62984,57441,55278,55781,63320,58487,60423,58835,57678,64338,59582,59639,57801,60966,55749,61422,59737,60769,62536,61282,56798,62025,58387,57660,55074,58512,53407,63006,58081,58609,56282,59726,58973,61222,59543,65605,56471,59419,60728,64672,56000,65662,58299,54617,55922,61788,61137,56823,55368,58762,61113,68937,59601,60163,61224,60252,67800,58955,59011,65563,59724,57975,51962,59658,57769,60553,62066,56061,56708,59805,57011,60122,58855,62333,55130,54686,57584,58487,63930,59043,58209,56146,59420,57074,58897,60047,55347,54470,60264,59339,62813,60220,63647,60591,58958,58595,59937,
6000:75171,79660,74486,73995,71395,78736,75088,77159,76034,76470,72450,73245,72179,79249,70967,68801,73004,79143,79237,72958,76055,80959,77613,79911,76951,75116,76107,70362,79364,83502,79913,73748,75585,70678,69645,73896,70088,79784,72989,83594,80083,76448,77457,77972,75117,75808,69006,76673,85865,67381,69738,79526,77363,71944,70563,78343,74088,73574,77318,73750,74443,75831,68104,71255,79402,82032,70736,73289,76941,74818,67351,72424,76945,77830,71674,75824,69023,73953,70393,71045,74185,72203,74939,76442,70818,77099,71809,83070,73472,78235,72152,73614,70090,68515,84915,69811,81128,79745,72824,72788,
7000:90169,81375,84830,87938,91105,90132,85351,81272,97879,82785,85190,88694,93253,89756,84786,86395,96786,89232,85172,89680,87524,94325,89367,92173,88071,94141,83452,92756,90593,81337,86951,88945,87806,87738,83489,85851,90574,87641,91568,91460,103981,80345,97316,83997,86228,94055,88252,91418,86203,99819,84067,89418,88407,94755,84341,83442,83739,90175,89424,88001,92816,82720,88961,90159,92245,84781,82871,96159,86873,85966,85005,91936,87523,92022,87269,85912,79030,94462,86374,82793,84514,89446,82888,88059,89419,97351,91846,90184,88872,89962,92825,82072,87737,89258,85855,85882,84239,86209,89500,87561,
8000:105746,101416,104813,110275,111937,95650,101346,110357,100462,103583,124924,109899,103026,99393,101858,98683,97965,95669,104658,99066,102747,97633,101364,100315,97972,100119,97720,111587,97594,98610,105056,116584,101047,100529,113730,98251,107886,109639,101533,107210,102979,107124,100706,98098,97592,102015,106162,100033,107255,104739,101221,102214,100653,110680,101224,110749,103562,98397,105907,97958,100660,107498,104029,107786,105523,100013,99039,103373,99584,104588,97332,104028,103624,99007,101209,99359,113016,95043,100053,103923,108466,97498,101207,121979,97824,99882,104291,109390,97797,105239,99800,98221,101649,103249,98084,103567,95360,116286,104366,100727,
9000:115891,117968,115774,118614,114318,122242,114825,119561,118705,134172,120316,118644,110397,120316,109515,126501,120718,112988,115839,109199,114097,121785,114506,108776,108320,115185,125265,116081,126092,144826,116795,115573,113805,114335,113721,114786,124010,112331,111040,123076,117026,122251,112941,118891,129564,108154,111353,108303,121389,116273,116406,126580,133764,113035,126290,126262,126635,127373,125342,113623,126359,113131,118791,111196,131735,115480,110427,118417,128352,119946,125533,116224,117290,108719,119330,124120,113796,117976,114684,119619,120097,118411,111699,120998,120259,113117,126464,109286,117824,107681,116868,114977,127213,109487,123409,116609,122948,122911,114132,116596,
10000:136993,127491,129790,140723,133222,133326,152047,131636,143002,127636,131670,129827,132065,137829,134441,134212,135911,143929,132352,140296,135391,134127,134176,131742,138467,140597,130799,127974,130544,131815,132610,126543,136470,131276,133247,144767,123686,122078,124105,137637,130006,128148,127748,132350,136108,124758,138756,133543,129960,125698,144940,134623,148978,132278,131796,146242,125669,138763,131608,135038,132604,134406,132772,132677,133975,134743,129377,129262,129239,131516,138477,141277,123797,140164,126096,132006,144290,138247,141412,135823,130365,137900,131819,129877,156064,125715,127956,136043,146714,134115,126733,124003,138337,138111,141625,151607,139997,137507,128413,140192,
11000:154847,159764,138507,161561,143603,143274,146697,154433,149259,139921,142452,151081,144438,143675,145127,159963,150981,142304,143664,149216,148498,156123,147875,135977,138469,148457,143209,140261,139818,151993,156732,144217,142275,158262,149381,160917,146221,152280,150619,150801,147840,144423,143732,148772,143508,149101,141691,140230,149869,145158,143763,141791,141649,156127,148095,142636,139685,145788,155609,149725,142312,157727,145393,141547,158345,166003,163835,138408,147900,142357,158354,159480,146328,151500,150198,146077,157697,155275,147427,147698,150469,146176,154721,142761,145694,154182,154158,151484,155690,145453,148677,143619,143382,148057,147270,149264,160163,144261,144277,144293,
12000:158355,179640,161282,165314,161529,157601,169062,164567,171673,162480,175929,171168,162952,161243,157882,156701,160682,159794,169153,162664,149653,157074,160572,162676,163093,164394,164098,163150,178577,155229,160833,157577,160329,175639,153377,175546,185182,175380,157535,160947,170944,165237,177590,163856,178967,176162,161406,176433,159429,159900,164809,164003,168755,176768,151451,165294,161645,160071,160559,184104,164137,161893,174303,158456,158953,177252,155779,169005,186446,167595,183027,164894,179534,168497,161091,178004,172598,196188,156722,157638,160086,163424,175235,158867,165529,181377,163430,158628,192172,163709,166628,168388,169183,170255,179493,176656,160544,172372,165102,161549,
13000:185918,174458,183716,171253,174741,175313,171942,190543,193008,171358,175871,183373,181218,183690,194052,178691,178134,180590,178623,191776,185188,186997,176308,178992,181491,177424,193046,176290,202250,194861,187580,182567,172547,180483,176055,189316,188255,173928,173690,175925,183764,183169,177224,179554,182211,175574,197342,181069,179560,189484,174594,176574,174632,182290,175024,174572,179357,171466,171280,176939,199184,167510,179376,180006,189254,178951,183268,188796,173708,179473,169627,172277,184835,191735,186953,185426,174826,176014,175582,168380,178178,185702,173050,184696,171386,189256,171001,181361,195384,182962,176472,187914,173901,176110,175856,197859,172808,184124,193420,180512,
14000:198546,198253,216200,217582,188557,195726,192285,195566,195436,189641,213525,206133,192245,210897,192457,183148,190523,203327,201480,192306,189260,199468,194533,205710,193212,191473,224312,187953,196826,185330,197137,188524,199187,192058,195315,194986,199741,190327,192228,188517,190190,193262,189794,181151,207226,193432,187907,185187,189942,188547,199798,203659,191076,192278,185700,189031,203493,187306,186255,195456,186400,186744,202356,202244,200661,205019,188801,187994,202190,189179,189760,195510,189275,180721,204321,180124,181728,187684,191713,186206,192041,201273,199481,193021,201102,193513,213194,199502,193701,213098,185863,194177,204453,197449,184829,200368,185323,198852,198455,199770,
15000:205101,216562,208826,211548,200990,221144,229342,211319,205625,204374,222367,216296,212796,212390,205716,209935,222988,201804,196572,227176,238641,208107,219119,209103,207603,213574,234252,222728,202964,200195,214931,201525,206646,202334,210328,204972,209320,210249,231329,215801,206275,218233,201547,207262,205832,220563,209157,216824,208723,197781,201279,221593,216071,233173,226162,213298,234287,223700,241462,228919,224942,220111,214739,216527,220363,237347,199062,224117,214071,205584,204237,203721,213175,208538,221282,204794,212526,204143,215321,220414,215330,203118,205385,235215,202531,210520,215262,201435,209164,204775,212390,206029,204131,215191,207148,196129,215658,201846,211481,200854,
16000:230877,231929,232884,231261,226784,228726,220761,223386,226917,228656,261582,243999,235985,238439,234726,227924,256322,231900,237158,240791,244766,226875,217259,224292,226192,221168,233907,233501,217976,247956,239032,218963,238728,211415,223560,247669,218687,228203,223960,224313,235858,232572,218182,246171,216736,241453,221793,235751,217077,226301,221522,238123,222249,235431,221604,229613,223354,231430,225911,227651,234162,216692,228456,239799,225908,230122,224820,222025,226183,221386,259347,228989,225872,235411,237830,224008,218744,239713,235048,212756,216864,240500,224059,226871,208637,237498,250624,235740,226326,241011,212745,237800,261798,246695,219890,216700,212378,219686,238065,231365,
17000:242454,241342,261437,241536,260930,243960,243000,257842,248478,232236,243548,229564,242043,233683,241110,250299,257860,236259,240312,260077,241564,239194,240017,234008,237694,237839,248695,237257,249420,248863,232546,250426,247005,256027,235512,234519,237246,245498,252086,234570,232819,234184,265342,241763,246012,251944,239167,243399,258458,244294,244747,246074,242034,258222,249523,265501,237864,238583,244415,242318,241154,257918,261073,236787,266818,250847,243849,247867,268563,234166,232313,248496,260038,251947,238402,254569,227261,249376,241931,245659,251434,247242,264498,259444,249273,239680,240696,260709,259506,227042,249415,257332,251967,228192,239130,244683,253538,248335,234070,233461,
18000:252367,253086,274961,257261,268651,282501,243196,262314,282394,277828,250162,250253,255405,242072,256202,250688,251487,258275,253544,254977,258871,243300,258314,266955,245074,263869,268302,264503,256776,255174,256776,251647,257756,264470,254384,252225,268375,258724,261596,243648,293295,267995,266194,259497,246827,265022,248607,258153,252260,256396,260283,263342,277792,252082,245909,248380,270560,301316,264307,267548,263215,283474,273736,257040,245275,242811,263694,248665,259747,267066,243901,275169,249539,266403,260240,249384,266893,269286,258705,255004,263283,274087,249424,244299,267299,266197,248403,251452,257167,259540,271417,248699,273959,264092,270769,266614,249443,258255,266468,267335,
19000:280869,287251,286365,269086,281530,296916,271547,280436,296383,269838,281991,267628,273695,284601,285638,295521,288639,272106,281447,265905,315365,266552,284475,286620,306598,291954,276759,261716,267291,286686,288023,303779,293394,269775,259447,270977,273770,262102,271911,312895,284737,290333,269666,272909,286158,271718,271830,263949,285400,270465,271510,265912,264989,292873,286788,287987,286259,285575,298258,280049,273533,288609,278848,270952,284208,284533,285884,295800,272679,257248,266967,278130,273249,264751,269543,264814,286928,280879,275050,284566,269010,288712,285846,284066,270979,259372,300518,280633,268605,279823,287569,284911,292437,269083,271385,277989,279485,269434,284523,270421,
20000:289551,319777,307474,294388,297108,299387,279392,286486,312057,288429,292477,309067,294079,286346,298807,280590,288004,302828,294714,307293,283811,281295,305371,274867,316490,284297,293751,290425,308861,299369,329694,282558,298241,285468,287714,293939,282889,277458,294088,295269,289529,285011,299321,292425,271198,291996,309723,301115,286160,294268,301575,304597,301636,292216,351690,295203,287481,310374,275967,286150,294057,283238,287136,289029,314795,293464,335819,295463,274899,296595,283105,292789,280399,302731,283404,284456,276667,283197,311449,294806,267422,296511,316558,277313,288995,305299,277867,318913,291282,306149,299101,301606,281921,291255,300966,291123,293068,292181,280323,301127,
21000:320485,294944,287505,319087,315264,318507,319069,315367,316102,306952,300986,306523,351753,307798,337924,322407,296966,324028,314319,320981,308045,300896,302974,318765,298456,317926,317725,295616,315121,318431,307744,304372,320247,324128,301956,303939,310636,307315,290715,323422,343731,302339,308122,305841,371450,299122,316278,320809,318865,322295,311229,311032,317633,335585,306024,314918,300143,295348,313356,296803,312144,347146,297501,310221,332631,309578,314152,305975,337945,309828,316270,305092,298575,330809,305807,301224,313566,338800,300365,308694,304116,308678,299584,306683,291493,344476,322290,307692,313703,298950,311307,317571,321577,304634,323510,309244,311514,315845,300748,327076,
22000:345200,318058,316273,341547,334563,315487,339116,332030,353039,321455,315160,342689,347946,312169,349258,316060,336071,328321,324407,333265,318989,333107,322951,315684,319253,317770,303771,347088,311292,358852,333106,326798,307948,350200,316481,337671,316381,334981,357321,327459,349967,391615,345723,323795,327633,323026,358453,339010,306325,330488,318462,316274,317847,369935,328426,329990,338494,325477,318374,332427,334251,316129,307553,335308,324481,321439,333035,335967,340735,324790,322456,326647,307437,350616,337455,341543,317271,340324,329878,314579,339158,323969,328394,318534,327547,310635,322211,347713,340669,325839,326729,320855,360655,320854,339767,330947,319409,326696,318354,331898,
23000:333300,355594,359795,341363,373096,336424,342042,350711,342747,337706,327689,321493,350040,361644,348238,349085,371285,346902,344374,357017,380321,330622,337028,360054,352872,343525,362361,356097,334824,334221,349685,360642,340397,348342,348543,337364,352825,353185,369859,328039,341633,340421,331125,350816,358619,332002,336354,332026,334016,341659,333829,343608,352043,350625,343047,325676,341179,350760,330044,349474,348890,337167,333392,335325,383809,341386,346907,338976,338255,324875,355904,321579,334411,334953,330488,344477,353435,356943,343625,329993,352337,334221,376176,334205,334468,359900,327401,339121,331436,323533,373862,332267,369163,327827,371534,341857,360087,342986,329717,381470,
24000:380651,361473,356701,350771,366903,351142,391950,391599,354817,356332,353550,359584,353495,344530,357240,373386,355080,363474,348724,350688,361908,352482,384082,364004,353859,346469,411543,352173,359362,356271,364000,394420,345823,347736,361805,369467,373080,339213,351937,341142,368345,346253,346528,355831,353172,359796,368402,351076,344596,377942,382570,350609,366870,393295,354171,334250,346180,362583,385440,339482,353553,359990,350756,358793,354533,351299,357541,354835,358376,388893,387595,352733,351523,376686,374572,359351,338015,363047,361263,365481,361460,337162,372984,358865,373294,341545,372542,346665,345787,362766,373946,363031,347912,376768,393789,360487,347496,363342,384204,357383,
25000:361762,369142,386462,381040,348789,379823,382015,362713,357019,376330,383219,399929,367292,365142,413344,390263,365812,399519,407819,366936,364633,378064,377957,364276,373653,389312,375576,382621,375863,379906,370069,369621,376045,408937,375489,405342,419061,387428,379628,366180,405309,371540,385544,375496,387198,363703,378304,391314,368707,366004,356903,377874,360271,428914,415606,382159,369108,397551,361811,390514,403072,384041,367844,386251,392199,361197,387318,387952,385224,380123,422124,363667,387765,359085,396221,359578,382481,403222,370193,404605,392019,374973,371704,366841,357928,409784,404235,404199,408291,376406,357078,388083,380077,374724,383743,377712,385305,377368,369715,360410,
26000:411110,379437,399574,426115,380043,425373,396299,438028,406248,387309,406319,420063,381027,424043,406101,367620,429578,390497,383954,392644,393418,402162,393168,401329,371839,391462,410879,418298,398540,383824,388229,417471,392464,381738,464556,393353,380847,407551,402807,381180,404144,400138,382381,383947,385588,398592,390662,402785,412425,400860,422151,380354,408512,400552,405788,418012,388784,386621,376195,390036,423229,367987,380410,391530,380586,371085,382211,383809,401832,414085,400047,421864,442216,387831,383817,369294,404513,398030,386548,384053,393790,401573,373380,407720,418252,431683,442642,393894,406401,395164,450289,395594,372666,390410,439766,387453,401542,390122,384854,405355,
27000:383045,442898,417708,386797,392929,423591,406942,394970,420278,415673,405334,436200,393575,427543,420431,416385,422590,410467,411099,397726,416356,405376,446952,410319,394686,405358,417209,436874,396704,394281,440632,388127,403508,399471,397602,386046,394045,417895,408623,410328,412886,444523,424228,408438,422832,410863,429276,405023,408779,387956,412081,421896,386590,424417,445462,398922,414620,413883,411658,443757,415903,410691,428454,427041,397209,396115,407596,422974,408786,398340,398435,409023,419236,445847,394191,405331,394792,404019,436865,402607,429588,400600,391378,435641,413989,395455,406525,413595,407558,421323,400309,418526,429651,448435,404645,408984,411698,423743,412374,430690,
28000:444150,415631,427621,431031,427617,431176,422398,421263,407970,407492,404130,429691,453385,435129,433773,414379,412898,444573,470802,412345,428127,430465,432324,438410,427859,431468,420423,409226,433809,464437,446032,425410,422422,447365,439561,447690,478711,438098,436618,446588,407801,452700,415534,445689,474134,423615,426751,409560,445647,431423,432041,448191,413402,419604,439351,430153,428413,419359,478918,420422,408387,417605,424242,430392,427520,411439,405007,454365,441089,435290,440908,475451,412201,445906,413345,441353,422712,413323,417252,430948,401432,426167,450653,408614,433937,436698,444861,421655,432750,434187,408607,439341,421982,414617,426409,426082,495291,458611,460738,421966,
29000:439649,448645,457373,474201,441854,436795,436910,459772,422349,470727,429637,442010,443710,440663,512808,433191,472817,490004,440243,429271,427694,473062,492832,430407,426186,441097,463893,463369,445600,447149,463450,440511,441540,446369,433970,454765,447185,459569,436011,417778,434917,426852,456330,433497,444775,433315,483274,503168,416726,447175,428561,447651,426903,438183,477824,432394,454192,461035,476553,422066,432638,451719,438659,450757,449447,439084,438733,432034,431577,454434,432716,424202,451749,425734,470143,451106,510046,432431,426572,437707,426515,420951,427316,436819,446835,512124,468348,430971,440444,433658,437149,448229,448102,426846,438148,434214,437975,480532,446730,447625,
30000:458385,471399,452773,451543,452071,465153,458688,436749,460663,444006,437548,455518,437837,469000,437330,442196,461977,451807,482025,493563,451371,458759,501387,444202,505419,453069,490033,483340,458710,471050,466195,474240,478588,463650,474382,448260,468369,451866,446862,478539,472412,484767,502631,462520,482804,456966,518760,513764,479454,487751,473703,446869,471499,469649,490871,474481,444419,477249,477391,485279,455465,463853,467103,490119,465568,486054,477388,450937,458412,465030,448706,483195,462834,482967,438804,473559,473776,463112,458374,476442,466734,459595,489752,469536,495070,461740,481102,501544,477351,447339,463657,495727,486576,497666,476848,483768,445920,458087,463346,459333,
31000:474589,476850,490895,484997,479382,500979,477525,484108,476705,485039,496531,487680,533908,463351,459422,503349,457333,486579,491120,499112,500926,483701,517503,472771,468673,500114,474698,568987,478023,481273,470160,478145,476388,478397,519608,491549,463189,515468,473797,512136,455765,519495,497004,459570,474775,463664,467607,481683,479314,471916,482099,548453,466750,502716,452122,489506,476165,532851,489563,532579,463829,498326,481098,477200,519768,466988,453014,508171,489269,516064,468174,489464,474329,482943,467482,493825,508800,478174,468829,499454,495231,480705,471586,490768,471455,497733,466908,494273,494602,521484,468996,490047,484095,482984,465031,505805,496820,472872,490844,490607,
32000:481026,496683,501029,480046,531090,480897,484676,468608,496074,503866,463043,477259,500973,475847,496551,507226,530939,507922,505226,468638,516404,503987,491465,513534,478971,491966,544834,508722,479168,507272,521904,496073,507795,540218,487522,469864,491417,483439,495857,512402,493452,519363,476843,491224,489674,508204,478172,505523,484031,474474,518273,516028,507582,467511,474018,549010,483673,511243,478060,474850,497436,478327,518793,484065,502187,491535,559637,473772,554335,529593,499341,500995,482887,478123,477512,514668,475427,542155,485284,475597,495362,527315,485178,493611,479413,490333,517735,510539,468527,504107,493556,501802,505706,512419,514358,520518,482758,467919,494500,498646,
33000:494718,501180,525077,530313,513474,515687,509356,521425,487618,540663,505737,546474,511722,556952,504996,518460,529816,492649,505051,509877,489132,506577,565619,543389,544517,495474,506076,558452,532884,514935,525163,503592,504909,514109,582382,540692,544643,505119,520976,492718,507565,513969,539923,504247,524435,506015,534111,478897,509567,504306,531662,523838,595717,567910,497303,510950,585355,508406,538298,514489,519872,507874,524363,520475,591700,522330,498978,502489,523697,558503,513960,539488,484526,496808,486514,521974,510036,504161,503375,524281,524729,530159,494949,501964,504570,543163,508442,491938,532758,498826,499651,584593,548356,502524,488906,509086,537195,503330,508715,528723,
34000:510526,624854,548997,530740,509332,510030,532964,564813,546524,556597,536375,490196,537742,527063,547744,521095,541794,508994,526963,526894,535065,524108,542530,538620,531526,543367,539052,505327,523299,536785,547550,547877,563027,566829,554055,508329,513178,577766,536107,543760,535237,544413,526469,584700,541514,556511,559929,542357,521873,565167,515581,523661,538532,523982,506833,489360,521254,537097,549772,522027,517359,572560,541826,539247,534953,596257,560802,510025,569150,513497,531440,532688,550598,512221,511407,517929,548394,518278,525309,524216,557015,540284,518947,537489,524029,506779,535245,535603,507388,523510,540607,544949,565125,517748,546030,545770,519197,512762,559823,562800,
35000:548698,555045,567792,575974,571239,548948,543266,565007,548938,567587,535883,534559,531187,556186,544678,565984,568495,555507,533241,563464,559090,592274,539128,583577,589781,532860,550432,554439,581167,528443,571698,589146,538276,559444,538287,564194,552043,536015,557227,594251,547841,565077,541142,560028,571774,566550,540855,534715,549337,562083,532613,565249,560246,572696,540213,541099,587742,554403,557878,564075,562678,534756,536581,523644,556749,572855,571994,546034,544232,575729,530279,591046,563089,528393,577385,567184,555873,575025,580889,579955,549359,575699,537099,549543,561783,549729,529304,557911,558117,539367,538268,550931,532950,557604,552632,549623,557793,570144,554456,566760,
36000:571696,549051,554241,566349,553265,572484,574516,533419,543903,584398,547610,584324,564370,555640,555896,582280,597709,590149,568421,555789,590585,560073,583191,621871,549175,592885,558025,567955,586838,547269,553205,566391,573723,569575,554634,569847,558448,586903,553538,565624,585263,571235,622786,570414,603423,532080,577934,608703,540984,562216,598716,568349,602751,598101,591733,597837,561535,624703,588285,546527,556622,634055,590678,555465,595832,560676,554362,593568,559187,552251,583102,617197,583871,573339,589520,559379,549974,625093,586069,578186,620554,570393,566270,571529,559771,572662,577091,554214,565308,581650,637976,546015,618050,605989,554035,578290,561298,577877,578946,574610,
37000:594921,588987,599120,568673,596848,576290,592789,612080,563559,580905,625963,571413,600204,584676,575923,609210,580028,629095,557305,588143,561849,556811,585488,601051,637486,586020,611753,560965,577827,585236,574226,556879,587680,585490,589278,580599,572181,595470,566106,608693,601047,572209,598533,592380,612576,558849,604243,577218,619380,578689,573112,602942,606672,572223,579769,616544,575134,570800,563139,621426,602019,619303,568209,573410,601375,602324,615862,633679,575656,603637,582932,608091,609904,569738,626310,634487,558658,595692,615270,565174,577427,630726,628564,591540,600977,612621,575484,599165,609669,607202,572211,560413,568626,602308,576314,585006,592743,586296,617868,577249,
38000:587588,588690,648689,658032,621859,569747,580756,622110,618892,618422,631349,622270,624104,608819,634708,594931,593936,648369,575046,630447,623871,599336,601242,605611,602617,618527,634967,591586,634678,592511,603756,598821,614316,591789,598123,602288,645081,586121,600949,592997,610241,600503,598612,586658,589431,648930,634809,676630,573626,613873,617011,600615,620388,590107,672989,625020,615271,594673,584125,618187,628668,594927,587323,614266,586322,608101,620823,562689,575507,620745,641932,586191,613472,604506,635497,642123,624725,632005,594764,597457,602985,583571,616310,600909,606898,580116,607673,612595,584687,579115,589512,639475,622176,627598,604297,644930,614199,658390,609606,594079,
39000:632903,645530,630766,642035,614287,604769,619212,613051,679510,598305,614686,606134,628824,592717,646458,608563,589520,617588,629228,635112,610701,626905,651182,654108,639472,651896,610142,616799,618699,643705,610977,620982,642787,650033,630096,621257,665703,634917,642940,624525,600601,615956,597926,643447,621369,676617,610471,617211,723378,620953,614935,614085,642972,644989,626963,650625,655674,645684,588980,618403,609878,631625,663134,625741,680882,623869,600852,652425,597520,657787,604896,637639,616606,608956,610944,638496,585981,624757,625398,651378,599654,601317,607072,676596,611365,614486,646620,599162,646707,659037,638502,603306,661130,648004,604818,609754,650518,645097,641475,625394,
40000:653368,664211,599759,629884,657555,634804,645042,683836,643653,644518,648627,657893,594517,751913,611310,611230,625142,645389,614694,687035,687635,662531,667544,617447,681364,638118,691057,610384,649515,632430,738634,688298,642123,632850,630929,684660,643287,649313,621063,636155,625068,618461,624334,652796,614492,644133,636873,690751,618906,647318,590643,645587,611202,637947,635473,665163,625670,625967,649251,628619,681075,622000,620338,698483,629116,677341,639045,661217,715626,627926,640554,642617,638956,634151,656672,739447,628341,609788,622955,647827,646978,662014,627424,676471,658677,731709,650805,615448,630539,655653,610439,632594,640669,627903,611800,637579,644034,646197,619376,617996,
41000:696703,693743,642284,665791,641835,687476,658020,629064,685350,638487,670657,663893,643803,657715,664978,712368,661372,679390,701130,627044,661192,630915,675092,679393,668020,652107,710512,657694,634937,644162,710371,662124,666223,719705,648077,668835,680786,649128,664404,704477,626648,664169,695660,672591,648508,654692,669768,669546,663624,631075,651569,702781,665168,672687,657651,638928,646268,696596,694080,676106,643894,702168,668376,676154,684512,655671,653576,669975,676537,659145,648473,633511,695533,650767,747710,654989,700318,703447,672989,655909,675723,662937,668195,691644,669798,646891,646396,664687,669483,640224,696652,691165,637179,650602,741526,700259,661594,653782,632409,656497,
42000:689420,682322,676723,669938,704376,660942,670454,641137,714225,682966,741382,637006,672032,662871,653433,671358,732145,692713,683421,687330,679249,713315,674009,695566,739969,703203,659026,701790,676692,685095,695905,691274,682010,679859,668383,697122,729262,671059,667338,697997,678047,648784,731462,634661,719177,654907,704065,666748,652028,702360,657602,696812,694865,707847,657217,674962,670679,697755,659936,722800,736462,656165,687582,645400,663335,762595,696100,649374,667433,654831,694377,691246,662406,651470,640971,679502,690627,670412,693789,718851,658311,683997,703023,755269,790779,658538,681468,653570,673823,656836,648732,653559,686187,655136,728688,646369,665628,699129,676545,673761,
43000:745058,689142,694139,787300,681728,653914,689405,676373,665985,698537,708923,712808,682207,719119,729264,679811,675629,680652,667112,676365,694386,698289,747175,708305,686776,712262,731914,711368,673782,688836,675788,708717,690518,729886,690168,687243,696001,670474,722377,706447,714775,714374,746342,686262,732095,723756,728202,701264,713497,727793,722186,692117,760804,704243,704258,730551,714566,697371,714897,693323,711601,656969,718798,717872,752712,756309,706930,674806,688574,707148,699686,688630,696842,661618,706954,690977,663256,662922,690251,679799,703976,701246,682357,704531,661715,662784,769692,760809,702931,777084,726550,678198,689707,732657,677491,780375,703064,672230,701201,797425,
44000:717071,716394,716375,672774,737421,718668,708674,724068,733875,710588,707717,725001,710101,791329,693528,730341,698574,685978,727354,683193,708361,736556,703970,699858,733672,741259,674390,709578,742345,730024,667375,671956,725198,674936,704610,677012,719565,710799,672396,682774,704604,727753,784646,706558,701481,701240,726953,719017,702280,744092,730456,735998,700473,691913,697595,710579,687682,686915,750831,734753,726948,729298,781041,745106,746841,705581,706061,744024,760308,712652,709540,704410,694548,705686,687831,792699,696496,712787,693930,726681,739449,754985,707547,691692,732564,679806,719636,695491,692456,702267,703932,746133,699832,711840,732803,726736,701438,764221,702070,696193,
45000:700326,691022,726680,789520,741612,753088,702620,753336,771404,730148,730706,720410,670162,767877,733624,724249,721334,715439,753259,705780,732050,684480,702411,748881,740683,731994,726792,719841,745676,779836,773941,794635,751799,766823,719299,715162,750583,712633,695253,703954,730069,764439,690691,753354,726675,690395,697550,689579,768786,698590,726292,796287,730641,724699,773816,727084,714946,767502,794676,757110,741972,743166,738291,767520,718180,685217,756716,804953,720237,726386,714114,735615,784989,758949,752448,739494,787980,697507,785056,748058,798897,721997,712854,713509,736079,752043,799983,716192,674816,725427,747957,729330,749188,748965,725178,735613,804038,709815,784666,730304,
46000:754896,739735,752344,789787,717631,714680,736849,746549,858707,734477,710707,786635,767944,731703,757943,768453,710826,732535,716047,736524,776959,775927,724895,765133,745314,744115,747514,733876,719447,707385,779301,739919,755548,774648,754159,740320,825552,738272,718502,739809,752933,723548,788839,731254,831688,713888,753249,711766,758497,779050,721538,734220,713385,738680,764256,721574,753454,774656,754846,736375,753209,741580,812203,727865,772367,712623,737362,712350,740235,817527,809553,758943,706413,745074,731520,772169,733847,715690,774090,747864,745141,795865,733055,815436,829474,724937,746800,737932,711035,792120,825551,772257,781512,799815,759559,758586,866017,765609,758526,718981,
47000:776015,741603,836812,767011,780727,778710,751951,910168,764201,778201,824627,804647,798674,735592,736260,730671,763636,732467,813805,833093,756237,879086,767909,759955,745205,833115,770868,769949,768725,750862,781990,737630,739651,768606,769546,746986,763380,756653,768433,771161,730877,745625,775637,744331,788617,755881,769655,813128,741743,762188,735910,796441,774458,794655,797620,774734,737099,755697,759922,741904,833554,757871,747584,775070,776379,738602,823897,791687,761858,750237,754033,797134,784918,746153,773238,869477,837889,788682,839880,729829,744222,755700,761895,756082,794889,839488,764745,807320,743192,768895,810363,806716,752957,740888,842756,768429,770322,771286,770882,719524,
48000:807580,793934,878209,791257,763656,759155,790321,781563,820870,746172,843087,788145,788418,808068,771573,786741,775025,827014,832197,799219,789113,772275,795483,856238,794756,775413,797920,837802,748826,785560,767420,789029,827293,789032,774167,768504,767995,987344,786912,814048,862077,776943,806038,776417,895011,795402,756251,803487,795517,755569,801554,844321,823589,805639,802448,775062,847794,856495,802765,823438,789659,848869,777777,826350,795428,800343,831362,766522,807273,793909,777729,852869,761950,791434,771455,808141,832362,856065,774413,754750,791094,805942,772415,815623,804893,826805,785324,783202,741951,801112,802573,743585,764594,751424,764363,777411,797314,831054,789172,770282,
49000:801566,780167,810303,801101,770934,846379,891561,821823,812808,777992,786631,790701,800452,870713,766526,818646,768236,788408,868626,863619,825150,881370,815773,810439,819927,795760,807497,821711,807789,828895,785757,798785,779158,856978,794075,804031,793838,839511,811955,860907,752392,786371,803534,809154,792040,762399,798373,790742,814052,810028,823349,879138,802472,832971,776728,844324,856896,845633,793238,781754,793587,787907,798674,799736,866303,765622,798790,780818,812694,914923,856090,765839,837583,811371,835124,794570,838668,874133,811716,798313,816542,831610,796852,789128,810085,802214,787460,781379,768364,828485,790271,784131,787959,784645,806585,777760,862162,827142,809041,800970,
50000:799790,814431,839181,791941,823497,820799,818903,781911,814128,814429,837106,850842,792759,877669,819237,813137,813371,824667,901741,804313,822433,828695,823067,798339,840829,835025,887840,899593,789637,778432,797354,836624,840854,829017,828771,885704,868123,853780,841518,806423,840262,833431,874598,881848,805423,854152,825105,864972,859565,836759,855775,793843,819048,842987,909188,859833,782236,766973,805568,776614,840222,810519,839883,891046,841409,847863,805351,834591,771995,847857,834168,786158,847418,831435,795327,834835,871404,829391,825790,926233,819823,843462,834947,814713,816586,875694,809560,825551,878855,884605,963153,825943,969576,792049,819850,825577,835814,869312,824693,936273,
51000:1010789,917045,852651,862776,823461,842704,892841,828010,874352,838766,812858,830292,868160,820883,824703,834614,824666,877203,846985,804588,825404,865647,813547,864493,867097,802699,908014,825734,837678,863829,841175,845857,813296,851820,861159,885881,877444,859396,845723,940656,887583,878509,814109,823303,804093,809435,856063,832662,851219,823447,799896,838034,790520,835364,845334,858120,832790,881957,872929,818428,794039,822818,894409,805319,820619,819523,829761,827803,829305,873672,852005,840608,831624,851604,808012,827043,840848,864841,858002,843680,860717,814054,817974,842357,880200,817112,853629,811968,843334,817668,947473,831056,874994,833810,866985,935084,844915,813409,835436,822594,
52000:902757,894104,873381,812874,879091,905322,863404,835570,905145,855348,858764,831711,840933,838765,863603,843488,919452,855044,856628,876935,889722,855834,825992,889904,868725,871890,890013,850958,867522,886133,916489,830399,858753,876672,894692,906383,863099,872541,822579,879658,877729,841489,938075,833133,805545,896427,875535,903464,1004880,884692,925050,874799,904267,882632,880311,900637,853925,946753,807751,863959,825896,861814,857416,854637,870201,860367,817946,863166,908890,807133,847762,848268,834458,862011,896430,876572,888694,853502,942777,907182,892052,968666,857612,831655,855569,837272,915416,874487,919268,836414,868868,852216,882104,850683,843701,842012,801984,881969,838453,839712,
53000:887890,867283,860057,859682,891144,966132,831786,882606,852514,878508,918560,854906,969979,905261,892984,885271,868901,897335,927616,958703,890709,871221,844220,922501,871291,859443,859142,946655,850730,895242,924802,910459,921228,872210,857386,921443,884537,843208,891575,911623,860347,875383,861333,916339,876769,952121,880002,859214,835963,924286,897839,892961,968684,901132,871896,862436,880578,843116,917862,898003,838819,867641,922518,860542,873138,843441,863888,878806,871902,872010,890688,905615,881467,858385,874607,914465,884905,963976,920912,868387,990148,859950,916340,925707,893429,846772,918942,922071,831051,856322,914069,842378,882946,894514,904606,858910,951863,886664,885077,855479,
54000:921876,933523,853045,895480,950758,963881,903855,891778,854097,926738,937202,887254,950106,952257,888549,846051,861960,902029,869233,965836,910210,904985,853387,935260,871191,866935,874662,922709,898831,876600,918887,921065,854916,885889,890689,905187,896543,882757,909898,909789,886702,917293,916769,892661,865079,891996,879151,862311,902480,930271,907913,850687,874619,917540,880606,905352,909342,936365,987076,937400,891788,921419,941013,971722,916759,851549,850854,932275,883415,917595,926012,894076,966035,910356,913893,965207,951816,960605,888704,897198,875320,894565,903966,901458,900152,928173,896055,913136,849385,892401,883603,978071,926649,891521,859466,907239,920663,874180,861309,917800,
55000:962698,877330,918010,953458,907284,929709,909369,911661,941858,895489,890947,898870,970719,923000,897713,964816,879967,889434,890624,972011,999280,883114,922815,941155,957634,902807,919798,904182,935953,966357,940033,894522,954693,933321,1005562,922304,939902,1003284,896915,1013900,897747,981819,919144,928456,908828,892136,925734,904548,901839,920939,880675,923193,952329,881741,915256,898918,1033277,938136,910195,901687,932020,904311,899286,964932,871416,919202,877511,893455,923873,883424,955183,993896,925804,964344,860089,933070,905658,895339,892721,916289,882947,971326,905831,961399,930948,898027,912376,903442,945118,901702,864320,956145,930452,950311,880104,922503,910835,940760,926254,984419,
56000:940574,972180,915792,938708,910696,916391,900311,1003623,897069,964653,951068,934913,924935,1028937,893445,918046,918569,896562,931470,917707,937137,902491,909957,902736,961897,886341,940508,946647,1003785,948275,956371,909387,945812,947641,924005,920120,925339,946089,917548,935320,935760,878465,961055,965626,939147,967956,934700,917231,907447,906283,955642,918316,889710,955614,911669,1012663,885678,954001,1020044,1026740,939117,935597,962528,1010307,917062,942847,923842,922142,966071,980951,919584,936093,977575,910261,944366,934536,923313,913387,974637,936301,918304,968339,966941,920726,926585,912862,926270,934309,930544,951169,940421,984568,912616,901215,1018289,920233,902712,939587,883845,926127,
57000:896819,996033,943528,969991,947407,937985,911461,940837,910679,983075,998980,926305,938326,999535,986612,924722,939193,944434,948610,950487,941000,904928,938950,986146,971028,963377,960548,951034,965036,981078,906136,957863,933676,912358,932420,911424,994635,970315,966141,943194,969402,941896,989556,1007905,902331,957844,1035702,943307,980130,951366,1031925,969952,940843,920646,938929,970345,1031380,954911,982764,974335,973927,904535,956817,905338,953523,981366,961258,915147,1002512,955273,1024422,1003501,943943,940311,959075,937860,915386,944681,963854,983774,930373,983347,924900,947586,975958,934299,936934,999887,976180,948440,1018687,967819,932369,1003595,978091,949677,981621,969904,942710,997610,
58000:958346,980906,994603,989368,964526,979866,940933,976185,934043,964819,1003769,989603,1026016,1026190,944487,981192,958773,1009523,1035715,991014,987214,946438,967343,959308,944559,1021461,970569,1001216,959330,975413,1010808,968188,1089642,1041174,977721,906426,939367,992343,946101,937374,949864,1035180,1114259,972610,1064161,993936,975968,1002878,954417,1014146,1021606,961655,994817,1025970,964796,1018060,959743,1005637,981936,995361,925580,962161,1079227,943744,937149,1023900,954191,967068,915047,964804,990859,946207,1027463,937675,973628,982634,973320,922280,948071,956247,927141,1001446,950243,962164,939114,959652,984016,1034527,928875,951103,961753,974983,992679,942688,1032658,1066611,948294,952385,910853,937135,
59000:965730,1137580,1053201,987961,962802,963371,973469,1001326,1004474,952425,1013228,1044553,985841,970408,995500,998563,984467,1027638,961559,1001757,971685,1004643,967586,1033849,1034830,955246,1087240,986769,947013,984872,961917,1007010,975288,1002626,984849,1007948,1036246,971024,985130,989343,996808,968174,953295,970922,1026201,982795,1029844,1021283,1070360,1006047,1040906,974694,990906,1000346,1029620,990581,978408,995678,994164,962846,1050994,962156,977640,1014259,1037414,1011463,1007910,973493,945797,1003965,931830,991386,991925,971672,945310,1081948,1039771,985141,1061339,1063318,937446,932196,970775,975218,964242,1004785,986284,939217,1013861,1014925,971639,999634,1004054,1015442,1017418,1055544,1009114,942404,959898,1015268,
60000:983448,998731,982367,1020403,998462,1027685,999012,1022726,970108,1005412,988098,1054444,958941,998035,1001306,1013268,1052866,1068107,989367,1100242,1093766,1089642,994327,1008120,996282,1030104,992122,975886,958216,1046440,1008087,971355,1018424,1014714,1023758,968245,970771,972085,1017577,1132025,971500,1007818,1009024,996998,985712,999258,1084992,981839,984628,1027625,986395,987458,978194,1043664,1017553,1016506,1000969,1169731,1064264,1015345,1034825,1051048,1000385,1009806,1026070,1025842,1000881,1046660,1005148,980644,983349,1019213,980987,1047532,1096607,1013487,1059518,1023305,989416,1019580,1020278,1006106,1112968,1028650,990279,1140565,1062214,1002784,951972,1013307,1059352,959719,966112,1001841,981276,1008167,1010172,1002691,1036239,1013033,
61000:1059738,1004059,1034971,989438,1087391,998223,1129164,983939,1102756,1006496,1024723,974658,1055442,1042822,1040260,1104361,1036096,993145,997711,988177,1047570,1123530,1045263,1039257,989199,1010122,1016260,1010042,1182744,1085751,1028500,989282,1038715,992058,986079,982028,1028529,1161648,1073029,1047751,1036147,990494,1020860,1042113,1074471,982233,1042078,1033182,1042059,1026037,959785,1004449,1013662,1001749,1051226,1027552,1070712,1017214,1030969,1046814,1047463,1005921,1018146,1000444,1023742,1068504,1013599,1028674,1049058,1074183,1086270,1080667,1127736,1059951,985725,1025505,1058380,1030390,1038230,1077546,1047367,1005468,996086,984891,1040522,1011590,1042266,1030605,1027848,1054216,1002201,1026932,1058775,1039775,1025650,1032349,1033449,985011,1067853,1046739,
62000:1046969,1015793,1023055,1049887,1071389,990794,1048049,997554,1089492,1086556,1094285,1021016,1129228,1125202,1067843,1117595,1043151,1026454,993986,1051312,1098054,1170767,1046900,1007094,1018256,1028841,1031070,1085743,1066654,1011024,1068815,1008601,1041035,1049112,1049141,1049436,1012376,1048328,1086433,1027209,1055504,1063590,989335,1051902,1040628,1103879,1025719,1016320,1088275,1058926,1096418,1075772,1012118,1013294,1028327,1037161,1070895,1088887,1075283,1042287,1105768,1003781,1028511,1067702,989501,991878,1001756,1005385,1020332,1093847,1052435,1002986,1016064,1096508,1025693,1098232,1050985,1031416,1082503,1161890,1120828,1065104,998520,984891,1063395,1078620,1040340,1014938,1022925,1087398,1051789,1024658,1004136,1057195,1026798,1028088,1097697,1100728,1023213,1006696,
63000:1136619,1136008,1122472,1081686,1057068,1036749,1042963,1121298,1099023,1075799,1094845,1073953,1031012,1069950,1094503,1116829,1036796,1154034,1127139,1060988,1026134,1035708,1041260,1064759,1062149,1083801,1043405,1037431,1074847,1090257,1153498,1083389,1053698,1196723,1098377,1089988,1067296,1038376,1111948,1137668,1091867,1054184,1063120,1083259,1047435,1052152,1169231,1093906,1073231,1048506,1128505,1082772,1072678,1015755,1041149,1091840,1104244,1038055,1109439,1045484,1036634,1078470,1024537,1073839,1066402,1028993,1048669,1086561,1062756,1055429,1104439,1129233,1045273,1119752,1075486,1017647,1072594,1070488,1096062,1045669,1022987,1132821,1051548,1044044,1065732,1031202,1103745,1067816,1182453,1123648,1054114,1098250,1102157,1095636,1053061,1025064,1178714,1058628,1082817,1110829,
64000:1193755,1148453,1061571,1180035,1059103,1068803,1153801,1092558,1104139,1182846,1065379,1123967,1068724,1144702,1211514,1133175,1060503,1037149,1129136,1113127,1110193,1041633,1061237,1100675,1101862,1084825,1095482,1051804,1041087,1088018,1126684,1111365,1044817,1037306,1070813,1114423,1031936,1100682,1162366,1184459,1077978,1059202,1070146,1159300,1095596,1052438,1119489,1054639,1049080,1059773,1062031,1093413,1119806,1120317,1109788,1160781,1060889,1066768,1065087,1066350,1109837,1080704,1072766,1049732,1102087,1084186,1105356,1101985,1064439,1063346,1055051,1051981,1085348,1150593,1082493,1085048,1060508,1060889,1105355,1101569,1168516,1082435,1234266,1105585,1067276,1128435,1085895,1085116,1155745,1044291,1102436,1121242,1077855,1214173,1082459,1062127,1082772,1025192,1073324,1031788,
65000:1172834,1140558,1054447,1187436,1116033,1077075,1137948,1108518,1161383,1051433,1071025,1137933,1158816,1151484,1055328,1245835,1070840,1195689,1110054,1142276,1081906,1116186,1120768,1106104,1056555,1119957,1116164,1144895,1113519,1150891,1085518,1168995,1082425,1092004,1047071,1101936,1106475,1122278,1196546,1068392,1093086,1059064,1130632,1120866,1115783,1111098,1098440,1185477,1074793,1048364,1123317,1144468,1075303,1099487,1102290,1069300,1092527,1183913,1108657,1092301,1139900,1064358,1058581,1107411,1036979,1082133,1116442,1108460,1095322,1117481,1199258,1123603,1132276,1072083,1195120,1090768,1134605,1148384,1088854,1195717,1081957,1033145,1092027,1128855,1141231,1189098,1155217,1115629,1068153,1089151,1230478,1051952,1045536,1056212,1119952,1065144,1114696,1038581,1180571,1104546,
66000:1116223,1159409,1086708,1111257,1134566,1158801,1081708,1189845,1066006,1166963,1075814,1127694,1092010,1088606,1117747,1113192,1162552,1117831,1101555,1118009,1172205,1165221,1113757,1222249,1157428,1143622,1079210,1172767,1097199,1181116,1112293,1123510,1198366,1108479,1162293,1169398,1119099,1074988,1124175,1107273,1080519,1154855,1163133,1122959,1098374,1184216,1083531,1131442,1066365,1194429,1094180,1109049,1148022,1092482,1128939,1107772,1097536,1111563,1106218,1143358,1136221,1076800,1110842,1092960,1092882,1124314,1096378,1163885,1149663,1150555,1166655,1052668,1194828,1101678,1090629,1149311,1095672,1209506,1096153,1089935,1109153,1079638,1229265,1139842,1167539,1153681,1115902,1050709,1177853,1139928,1150279,1127094,1099007,1163756,1151532,1072571,1108910,1204056,1120503,1066800,
67000:1125728,1144469,1165685,1115646,1201758,1111906,1154586,1207364,1153060,1124999,1137103,1220185,1164734,1241518,1183707,1094245,1195452,1114481,1202762,1167731,1124110,1102663,1172928,1201666,1213320,1173124,1141442,1116358,1158700,1178469,1160193,1213197,1127971,1098604,1242476,1165175,1161191,1142178,1157711,1204880,1111502,1132546,1164120,1160268,1131533,1214442,1185217,1152830,1110897,1183569,1127024,1121148,1141395,1167798,1081030,1187682,1151772,1102879,1134752,1190954,1125072,1145362,1252820,1184006,1147493,1129246,1148669,1176448,1174086,1164525,1101413,1139464,1244838,1193927,1159388,1164565,1170593,1139818,1194072,1253285,1147363,1092371,1173504,1216378,1087456,1117229,1125096,1142478,1201874,1108996,1177569,1105220,1124792,1181756,1092422,1177299,1215322,1096439,1101292,1177679,
68000:1219957,1195570,1154595,1108897,1171289,1208275,1107917,1241624,1169475,1147404,1235380,1116214,1299187,1199502,1165910,1294850,1152826,1169095,1239810,1166316,1168129,1135944,1175679,1127982,1260507,1117192,1201346,1175201,1285434,1153720,1113607,1159039,1217853,1151726,1114806,1156093,1111893,1146858,1163104,1112795,1186415,1168889,1193991,1140582,1108176,1187595,1188301,1158665,1150704,1117859,1144550,1209687,1326262,1104655,1133951,1131973,1170809,1225387,1145659,1168436,1202499,1179717,1188488,1141941,1106005,1179687,1151843,1192796,1141898,1189472,1161486,1143563,1127460,1184488,1235808,1238185,1133073,1130889,1153238,1134254,1138441,1195268,1157253,1233994,1176601,1218605,1171024,1119449,1182573,1144957,1204205,1153122,1113741,1272218,1234551,1233668,1139468,1095536,1144699,1185125,
69000:1217564,1139974,1199869,1139564,1187331,1144776,1186194,1145302,1242320,1205036,1118793,1212166,1246821,1148365,1131613,1181295,1183671,1171824,1264506,1144907,1158735,1176063,1154130,1161226,1193622,1175308,1106254,1250608,1159034,1192176,1177180,1243582,1174084,1218883,1212189,1162606,1180568,1177530,1179766,1167818,1179554,1148915,1178621,1150935,1157808,1364438,1144976,1156054,1184066,1142670,1172733,1135539,1188549,1235764,1166160,1216216,1152566,1268415,1158525,1137271,1214265,1168977,1151740,1170693,1190176,1190931,1172401,1145258,1259942,1141983,1163887,1175103,1190213,1186637,1146315,1199073,1262248,1165625,1155734,1156629,1153702,1230605,1240151,1156461,1178781,1143458,1140461,1225852,1156997,1195585,1160765,1204579,1268159,1203176,1142005,1179022,1202071,1218113,1132744,1188342,
70000:1169905,1175875,1182975,1199864,1161163,1252263,1275381,1180594,1265892,1174517,1215823,1202567,1190494,1228646,1201491,1211203,1162397,1180182,1199132,1145874,1154958,1180663,1177106,1170377,1153554,1184862,1165157,1206723,1195660,1207749,1172647,1160702,1212520,1196265,1153886,1216625,1256543,1153371,1202612,1342195,1256808,1260769,1308698,1209393,1203693,1166172,1154003,1199641,1152834,1251433,1183348,1151367,1229062,1172554,1191161,1210543,1217673,1186215,1167575,1243558,1193283,1162267,1298947,1183976,1166601,1188364,1305244,1190227,1231863,1263919,1279326,1167707,1176258,1299330,1187649,1149792,1177894,1182235,1186858,1176496,1178740,1151799,1270445,1350684,1217348,1222375,1141810,1155515,1136982,1203439,1188339,1160627,1193835,1185736,1208452,1193758,1180936,1153633,1169451,1302046,
71000:1162848,1238770,1215465,1185983,1217703,1239658,1186787,1214618,1241694,1227230,1240837,1276782,1207192,1298635,1203257,1370930,1218357,1260002,1217992,1243400,1242264,1279348,1256782,1272936,1190633,1253779,1220742,1259176,1191550,1308558,1189457,1242180,1232180,1243554,1220913,1191042,1218364,1200158,1292711,1160304,1194501,1197694,1249178,1332085,1333891,1245083,1207157,1155658,1172700,1303543,1203562,1309367,1166717,1213772,1190476,1198752,1301204,1219736,1280943,1307341,1237162,1200023,1306044,1237934,1246198,1181608,1257308,1258937,1310622,1236967,1195569,1191922,1249716,1225541,1263982,1176143,1243530,1196874,1316953,1202093,1183380,1245995,1157531,1205161,1228812,1192643,1172561,1260617,1232040,1193703,1279729,1230881,1302314,1221301,1196942,1213348,1208976,1216637,1211003,1365590,
72000:1259128,1212098,1247019,1168053,1215060,1272852,1251867,1279647,1262433,1196775,1181747,1227785,1314567,1215823,1214253,1288080,1210700,1368071,1270807,1231466,1366645,1256123,1177982,1219119,1183368,1230052,1182924,1268676,1243684,1279476,1251935,1245884,1198148,1292541,1250097,1351496,1233265,1194588,1236774,1176425,1257786,1283560,1225233,1236474,1329191,1225019,1251651,1205762,1219528,1242930,1272802,1299369,1202932,1213294,1308968,1234271,1237877,1237904,1246281,1236756,1247933,1223218,1179484,1270232,1354171,1284666,1257151,1215293,1304608,1319036,1264529,1215778,1191748,1161671,1298673,1344293,1273691,1302272,1172545,1343103,1238550,1261995,1199193,1286621,1255257,1184877,1219440,1308194,1183462,1191329,1264664,1244207,1183920,1268037,1274835,1286958,1268362,1278139,1256415,1233648,
73000:1267873,1317581,1193607,1189179,1201321,1265102,1271157,1247288,1205921,1228405,1212347,1191731,1312213,1328490,1234670,1229387,1206575,1299158,1290584,1276222,1250550,1214459,1274920,1286977,1280346,1332966,1263219,1242719,1284636,1211345,1235279,1258005,1252474,1256224,1234883,1253254,1249974,1228376,1376357,1275807,1265324,1261818,1233662,1236305,1258487,1313029,1349226,1224305,1309724,1267703,1278280,1237511,1297007,1263123,1290093,1233323,1256475,1342046,1272944,1272036,1253483,1275320,1313274,1283363,1300396,1199838,1176330,1277451,1221343,1246801,1292080,1315164,1232205,1293771,1312231,1249224,1290001,1238049,1236790,1224149,1334491,1220162,1296608,1243681,1281114,1261634,1187245,1200719,1282225,1344342,1260592,1377119,1318540,1238680,1277386,1245745,1228045,1231213,1235583,1192320,
74000:1281815,1328438,1261311,1222992,1270674,1260718,1307875,1308533,1270833,1280810,1260460,1287434,1338982,1248730,1314339,1219462,1314552,1286450,1265527,1351041,1278601,1228370,1262567,1326088,1316537,1325130,1291855,1300873,1272024,1291399,1282752,1250646,1261145,1292085,1285319,1332866,1257675,1379084,1392287,1275581,1351266,1355212,1230153,1227545,1236318,1328945,1448161,1269234,1279946,1239166,1241956,1221390,1275397,1264572,1261461,1317197,1211112,1265338,1280359,1225691,1411372,1307620,1340501,1243115,1316573,1267380,1349438,1277727,1280981,1274190,1321433,1287082,1295079,1244640,1285093,1278530,1245898,1253647,1291698,1266920,1250458,1314436,1255371,1199849,1295321,1268951,1233534,1280473,1335029,1205434,1329210,1300234,1287479,1222511,1217695,1276726,1287148,1313366,1314668,1243210,
75000:1279484,1382900,1301982,1265187,1273054,1298093,1280300,1370414,1240945,1325048,1285287,1257961,1237898,1227612,1323091,1264879,1414038,1334820,1292062,1273329,1391169,1257934,1294341,1388734,1334186,1309812,1307038,1225251,1284095,1320959,1284703,1313879,1325514,1279110,1274070,1213655,1336729,1281840,1306819,1282040,1301791,1305755,1356259,1334267,1345664,1310086,1292427,1326297,1285779,1359707,1256146,1306640,1245473,1336595,1284757,1231425,1300617,1328643,1308385,1332052,1344379,1257754,1250598,1300775,1308920,1275894,1291168,1300660,1238895,1249430,1273947,1302542,1272953,1248409,1295907,1323312,1249966,1322612,1266717,1340479,1281968,1358558,1292346,1325508,1409360,1268822,1338001,1261051,1261571,1260575,1323033,1299432,1286710,1315301,1271637,1260675,1282586,1298764,1265391,1287436,
76000:1282464,1451622,1286962,1292060,1334661,1339712,1336683,1306005,1331458,1290837,1275206,1332432,1397617,1320808,1411146,1270320,1336633,1399003,1308006,1391720,1382408,1319524,1285557,1329222,1256853,1315394,1302684,1303732,1273653,1259325,1288428,1299492,1292040,1278710,1270426,1310547,1320599,1477513,1353332,1310677,1318058,1301148,1299839,1350285,1376674,1288603,1326801,1346426,1351784,1333650,1278200,1426170,1481131,1356489,1351247,1423201,1274144,1344726,1294175,1318554,1256930,1301075,1298795,1315104,1265771,1256390,1278557,1325629,1312099,1372578,1334083,1348502,1329798,1277289,1297850,1342566,1346485,1273958,1246165,1303444,1353585,1337510,1507292,1261992,1312958,1363622,1287855,1356033,1361369,1321829,1282185,1433321,1254047,1258973,1252468,1346196,1281283,1290728,1319826,1334382,
77000:1336015,1396890,1352180,1276534,1255770,1313918,1308928,1392234,1399402,1382342,1383683,1316736,1365975,1367865,1358257,1317653,1274365,1342629,1316228,1345506,1357495,1340970,1384798,1371613,1341455,1346070,1333671,1360472,1278549,1282368,1410890,1327457,1329251,1308597,1342928,1303620,1341826,1465478,1326666,1333237,1362634,1320641,1313918,1353509,1388531,1320621,1372130,1434362,1318347,1343199,1387304,1365993,1436468,1284883,1293118,1304738,1304389,1366520,1313825,1306046,1313415,1391372,1308137,1307611,1355169,1325404,1339035,1297589,1480617,1309806,1435083,1298956,1353667,1321502,1412717,1333281,1302738,1317362,1370964,1337726,1342642,1309279,1338537,1383511,1445908,1350662,1354476,1262284,1325307,1368419,1317012,1312232,1397032,1495175,1303604,1338826,1292269,1353894,1326593,1337446,
78000:1415093,1418820,1320497,1305417,1412957,1355947,1336217,1321056,1368356,1308837,1324477,1298928,1334813,1306031,1421143,1504006,1407322,1331905,1428900,1348667,1372899,1459275,1346515,1389114,1310738,1328372,1379260,1326913,1275068,1342811,1276824,1372735,1370547,1418898,1324219,1331345,1442945,1314345,1531014,1340309,1358058,1293908,1497632,1449077,1359306,1320429,1369632,1416425,1442270,1355174,1393681,1307132,1334410,1393161,1380268,1384600,1342288,1308022,1279646,1339566,1340405,1511545,1370672,1377248,1346118,1442938,1337457,1374257,1338580,1359702,1322064,1360110,1348488,1341917,1476385,1315050,1374670,1343296,1334173,1365441,1342377,1468673,1326803,1356901,1377567,1278673,1346372,1347801,1377337,1366634,1348952,1378726,1304804,1345908,1322821,1351686,1321309,1335483,1490800,1341157,
79000:1357140,1394854,1322846,1486228,1402336,1383607,1410950,1361396,1355577,1303602,1355088,1396988,1344646,1370465,1447730,1401389,1384417,1421730,1359874,1424414,1438564,1301056,1466582,1330942,1402838,1373901,1413659,1363471,1457923,1465103,1433948,1360541,1357309,1339480,1375770,1356487,1336690,1328417,1315928,1456575,1387173,1338154,1348549,1383596,1404899,1470200,1330743,1358967,1345483,1331007,1395798,1385559,1322432,1381389,1372962,1367690,1398297,1369742,1433111,1322563,1350304,1455290,1362465,1435355,1415755,1365498,1375866,1313550,1327171,1337963,1346370,1283027,1349485,1314052,1422340,1436223,1483299,1411429,1496007,1340653,1293214,1333739,1394660,1362537,1417137,1421654,1438230,1364701,1357734,1391959,1337894,1349510,1397034,1384603,1387309,1352770,1343253,1521170,1431618,1334504,
80000:1372101,1433080,1465977,1402090,1469640,1454799,1407380,1367920,1375780,1533882,1391812,1400765,1336457,1423381,1366103,1383937,1440679,1349862,1426421,1419912,1383390,1461572,1412992,1563212,1376068,1446210,1374673,1436603,1420797,1382543,1381163,1372264,1368576,1413744,1310936,1406507,1352586,1367178,1389250,1421310,1522986,1463502,1458434,1484094,1355761,1404316,1603351,1337219,1365005,1417665,1468330,1358488,1381184,1397719,1382204,1332989,1327878,1442726,1374094,1359336,1344411,1623062,1410742,1372098,1484950,1382390,1367977,1336199,1404198,1324615,1443237,1353543,1512220,1577634,1439216,1400421,1361826,1352523,1550637,1561868,1429458,1389725,1338156,1439602,1350209,1469638,1371003,1311165,1436695,1370040,1400187,1485232,1389243,1458980,1437075,1457911,1394629,1368967,1344679,1516943,
81000:1412937,1356747,1369174,1373868,1346438,1502316,1457006,1432004,1431234,1679591,1384181,1407123,1468273,1366384,1443487,1413673,1521160,1339696,1370263,1369822,1403399,1404574,1386773,1387921,1463809,1421223,1480193,1546777,1416152,1379014,1393953,1402970,1563860,1353362,1399536,1415279,1391638,1419235,1383727,1352890,1498426,1439794,1476080,1357933,1476996,1344425,1394120,1549670,1371456,1330966,1377281,1435005,1428883,1383269,1463965,1447523,1444286,1371618,1453318,1365163,1391635,1433856,1406330,1349142,1459269,1476376,1378261,1414656,1441179,1412683,1380960,1547605,1396570,1516495,1476214,1453480,1435465,1405594,1423107,1496718,1364934,1373871,1372195,1373515,1437808,1407805,1446645,1450187,1416886,1378645,1388649,1361800,1356089,1436139,1378559,1364905,1484338,1396519,1466706,1417624,
82000:1422259,1416834,1429212,1395372,1456910,1451840,1467936,1361583,1396733,1465467,1419458,1484706,1489813,1491107,1404141,1439947,1523756,1464684,1494467,1462464,1388777,1429087,1474102,1427633,1522442,1399904,1399772,1432786,1562293,1510686,1414599,1369075,1469641,1437090,1561225,1513617,1461180,1412259,1387858,1406218,1492007,1443516,1382534,1398285,1445874,1412604,1451244,1384473,1393576,1474217,1417523,1503579,1404060,1491081,1390986,1415611,1383590,1404791,1423113,1416030,1428873,1443233,1428810,1411559,1376372,1471729,1535361,1382760,1485460,1406956,1406157,1390024,1556130,1557238,1496302,1396362,1405979,1492107,1416492,1398426,1536571,1440584,1442924,1439206,1449485,1366786,1536270,1439154,1414049,1434733,1396066,1456811,1380434,1492987,1462092,1394838,1622205,1475751,1476259,1489479,
83000:1412026,1546628,1462393,1391912,1529837,1552365,1455153,1407550,1564468,1371813,1574916,1395300,1384340,1399964,1414614,1506235,1446657,1441908,1408718,1422890,1398909,1673201,1415952,1452852,1441884,1440351,1448753,1391916,1525639,1366110,1389715,1409456,1410099,1386591,1507383,1395782,1425766,1580957,1548289,1452298,1501433,1378050,1454349,1481793,1406266,1466376,1427126,1495409,1422589,1581136,1474945,1447882,1401064,1515769,1552656,1450080,1533507,1410297,1524091,1539945,1515278,1496714,1429295,1506541,1386207,1369886,1398199,1462493,1618933,1498946,1475307,1479897,1575248,1442069,1433569,1435187,1494872,1491765,1520305,1393076,1515153,1465910,1493161,1425913,1462750,1447065,1420096,1432763,1441176,1469366,1438591,1549364,1426177,1383344,1495319,1427689,1477985,1477272,1407082,1432567,
84000:1417030,1454942,1501429,1443188,1530809,1444453,1450857,1468590,1606933,1486358,1511388,1432739,1467918,1573256,1463043,1465034,1440935,1381226,1472426,1462385,1474902,1505434,1433444,1407573,1560872,1471440,1532177,1453312,1384557,1527430,1439824,1393208,1479392,1393636,1440792,1418521,1463618,1482737,1444935,1485918,1422675,1494447,1453287,1475221,1535820,1579397,1530267,1460438,1475167,1498453,1440050,1414880,1455986,1420796,1461410,1427518,1419011,1449414,1527728,1526147,1429950,1469921,1416139,1378008,1544258,1493698,1484164,1425618,1576166,1477855,1460793,1510554,1426328,1469308,1435026,1423095,1441108,1434712,1537375,1375067,1557456,1549195,1578674,1552380,1453982,1533714,1457166,1527490,1411097,1461548,1544878,1450350,1607550,1473140,1473494,1511857,1512858,1499042,1466978,1480969,
85000:1448058,1495049,1595374,1538926,1452551,1470863,1523082,1570978,1617714,1514491,1457120,1449918,1485501,1444094,1518032,1496338,1489483,1513336,1502692,1474764,1473369,1397774,1497373,1528926,1428560,1483434,1642807,1492972,1503382,1597886,1445542,1475048,1508075,1554521,1483590,1482837,1445531,1557447,1570341,1597737,1407114,1463821,1484241,1463700,1605119,1453811,1447744,1454651,1473999,1553136,1471435,1398229,1504524,1607965,1565935,1466839,1573734,1499292,1427073,1584259,1487128,1457457,1528765,1516923,1475204,1467776,1487024,1506803,1489324,1475488,1575002,1516641,1479338,1509324,1473434,1549961,1496389,1427906,1527216,1439509,1445042,1497461,1437436,1543778,1460039,1571717,1563230,1456506,1481582,1526610,1449408,1444397,1475699,1441012,1536953,1537112,1445436,1565364,1467870,1425800,
86000:1508930,1533548,1575869,1437723,1564243,1596101,1457832,1459207,1588428,1591157,1443324,1503471,1549096,1497694,1529022,1469741,1545384,1462975,1495116,1484825,1556743,1514717,1672039,1435025,1655154,1506629,1533173,1594754,1574986,1493859,1477463,1548272,1490973,1480929,1443868,1471372,1547225,1527126,1602283,1477110,1534052,1700400,1538057,1483763,1569338,1474383,1585098,1496696,1558015,1553364,1574858,1527597,1474407,1636702,1477610,1495322,1502812,1424454,1543215,1540643,1490793,1496731,1460367,1503893,1583908,1575004,1584683,1509089,1451967,1543791,1519557,1514946,1519699,1532649,1440880,1548161,1601003,1514281,1548149,1585280,1468876,1651569,1527642,1499203,1614256,1601044,1503187,1474228,1558259,1481629,1493047,1497922,1485784,1468236,1551700,1589560,1498752,1462572,1475662,1468056,
87000:1471788,1514741,1554978,1555813,1618631,1529093,1661728,1600719,1534550,1512773,1664730,1591748,1448870,1564906,1526542,1540237,1525280,1543399,1497663,1519076,1594680,1595743,1552964,1638667,1526376,1649152,1544868,1476581,1497381,1619963,1576626,1551808,1526982,1585407,1501892,1425724,1516999,1480751,1626698,1553242,1602132,1459373,1522764,1477751,1615250,1552133,1482907,1700264,1568768,1503757,1534835,1554934,1556744,1584617,1539774,1488556,1720113,1584587,1575199,1627125,1439883,1452072,1484129,1484318,1546953,1573529,1617985,1647172,1524912,1582301,1527819,1669932,1503216,1531467,1501333,1611462,1525658,1644238,1486567,1508782,1539216,1444767,1486275,1552790,1523676,1526131,1504097,1478722,1526492,1562457,1484266,1586184,1576902,1516260,1533328,1551787,1676667,1520592,1489170,1490441,
88000:1515909,1664812,1570609,1540606,1515169,1543748,1650101,1605449,1597254,1503984,1564635,1656294,1570706,1536079,1533990,1643254,1653527,1551652,1533256,1500864,1496627,1596384,1595118,1495977,1515299,1498737,1530892,1556649,1516798,1595128,1504621,1500004,1523137,1475824,1558353,1518859,1551381,1513044,1537183,1651399,1635975,1493205,1522986,1582271,1643112,1479303,1602764,1625681,1511792,1595015,1503897,1579963,1444564,1516318,1641014,1559276,1543998,1471622,1565966,1542603,1512902,1498935,1618123,1567196,1619014,1505069,1644421,1523351,1688818,1592721,1549914,1504780,1588492,1490372,1530080,1616368,1561432,1529929,1594478,1523882,1590210,1456806,1636882,1560775,1483716,1690887,1485583,1536229,1548205,1513227,1690679,1544596,1495868,1626715,1547736,1570766,1543619,1563257,1534846,1617638,
89000:1595882,1596601,1608997,1523694,1665928,1477330,1591731,1525059,1448454,1553536,1554689,1580473,1517931,1577199,1593783,1524625,1591257,1579229,1632713,1482495,1542368,1572079,1576203,1567088,1515299,1574550,1544621,1566809,1612619,1669723,1637748,1711696,1545922,1585094,1517622,1561772,1536549,1561265,1486626,1731015,1539033,1532765,1606992,1518615,1562099,1550562,1599787,1655564,1593962,1586417,1611265,1548802,1646170,1508189,1597798,1606896,1596011,1552466,1551217,1531733,1517339,1507768,1541344,1584804,1559724,1644295,1581396,1510837,1544032,1502730,1694405,1512291,1561420,1504070,1632145,1570300,1599132,1632938,1508833,1553836,1556489,1657048,1590481,1590921,1786226,1576031,1572323,1537836,1588391,1604341,1559885,1596601,1577833,1566002,1494898,1533211,1584058,1705089,1528986,1525286,
90000:1596004,1602837,1637947,1595317,1558290,1547108,1614723,1521208,1627291,1522594,1608880,1636227,1594314,1627096,1625687,1564072,1771256,1533022,1641385,1597865,1618774,1554431,1545315,1588380,1636970,1548070,1557139,1531005,1652519,1603750,1597840,1527406,1555008,1565582,1497565,1611491,1623428,1656828,1623836,1573921,1581284,1635968,1532123,1615207,1572638,1628857,1499757,1553361,1615006,1633465,1601798,1571984,1585088,1586007,1559335,1593009,1564317,1524290,1621254,1542720,1543280,1636237,1599032,1621901,1594707,1606591,1533415,1582183,1671340,1581167,1544909,1582023,1582473,1571395,1565638,1529262,1621368,1547756,1626802,1602916,1553967,1611000,1564544,1649222,1528512,1650908,1653524,1719699,1575918,1622401,1565782,1617139,1624810,1621367,1537597,1618184,1679900,1587929,1580585,1648628,
91000:1656582,1506424,1616270,1571216,1620818,1643777,1525860,1604174,1587627,1708476,1536806,1709460,1639976,1699625,1689506,1557055,1611536,1595664,1751410,1605550,1555853,1605428,1680387,1634878,1571008,1589550,1603693,1639403,1594156,1613138,1604735,1605886,1577839,1599103,1625889,1604003,1665897,1660067,1536542,1769742,1657243,1515227,1656553,1597862,1623321,1818038,1587278,1652350,1530140,1709478,1621398,1733494,1634816,1586890,1574597,1545495,1664578,1586997,1576581,1595539,1510964,1550506,1629928,1598191,1861076,1750639,1569389,1586180,1619236,1679495,1673850,1691307,1573337,1727907,1556855,1557523,1576567,1529057,1631661,1775457,1620242,1608235,1675258,1570852,1621367,1633205,1578627,1557641,1642561,1588845,1668431,1611371,1627115,1625522,1591232,1596356,1588239,1549619,1680822,1655500,
92000:1592686,1662279,1626534,1695644,1663282,1719740,1699953,1673874,1625747,1655808,1594659,1660730,1644303,1843394,1654904,1618429,1730557,1695825,1585419,1661523,1672867,1742418,1580254,1687824,1597052,1699508,1594535,1559842,1598888,1663487,1649464,1568314,1649074,1667834,1663905,1605617,1669692,1599777,1639620,1818158,1725114,1578766,1684013,1796236,1601410,1769736,1641633,1610724,1733407,1801802,1574836,1642047,1670982,1596833,1611828,1560669,1555427,1677059,1557913,1749256,1640983,1689923,1579344,1717340,1652038,1654344,1818519,1649537,1652142,1666139,1674198,1656810,1730195,1674546,1698874,1652065,1676633,1659657,1628557,1599323,1555014,1778006,1724279,1740156,1652403,1893938,1587183,1613765,1623903,1732761,1631845,1573091,1639159,1594582,1594266,1657138,1662343,1606227,1628381,1653673,
93000:1632927,1635645,1623205,1724766,1647451,1596931,1609887,1698798,1686152,1620821,1707847,1698218,1569313,1686470,1664834,1715081,1669763,1562508,1705644,1605317,1631796,1650174,1627722,1771926,1553872,1642658,1645471,1651950,1649655,1600993,1683497,1613946,1657604,1611127,1653383,1896129,1596341,1614441,1616423,1705366,1629522,1710012,1670348,1630619,1619145,1676745,1621192,1781784,1691763,1651991,1628061,1754465,1692253,1610626,1611466,1770608,1686332,1569506,1706059,1635712,1597472,1684977,1735644,1759923,1662209,1659044,1729075,1538982,1681154,1649737,1721111,1654018,1676197,1567210,1727400,1671681,1664265,1611978,1615839,1553156,1639842,1783996,1615813,1745449,1658754,1739158,1711874,1621776,1624063,1669631,1625471,1627875,1574593,1694603,1634902,1635389,1721009,1659902,1660411,1666888,
94000:1729167,1621969,1646293,1683603,1676864,1656238,1741235,1686670,1638607,1663579,1708298,1673174,1682433,1660386,1677021,1655936,1812476,1621960,1755832,1627876,1690118,1679366,1632928,1730841,1579069,1580628,1589737,1641844,1668771,1689428,1605059,1678358,1724854,1643897,1681245,1692588,1624001,1675297,1709543,1646990,1708463,1693173,1761803,1647935,1586084,1688810,1688962,1702175,1597593,1653043,1664913,1667985,1671247,1630596,1666997,1539131,1822768,1661110,1719459,1639104,1668270,1604900,1765502,1667956,1664819,1646748,1840578,1669153,1653347,1735116,1655492,1595771,1645389,1695816,1569775,1676337,1609974,1624394,1656121,1700549,1651073,1735025,1699881,1734027,1729805,1626322,1652648,1696876,1747793,1735892,1663265,1694644,1673674,1642666,1781790,1736280,1736175,1632916,1694758,1727972,
95000:1682042,1619812,1850392,1704340,1691858,1675002,1631270,1720797,1664565,1661378,1706725,1654760,1681309,1692289,1653069,1679627,1801659,1657259,1669494,1619760,1706174,1728939,1754019,1643193,1618974,1674431,1628934,1914955,1647721,1619691,1689339,1704344,1658248,1721209,1679198,1614384,1728564,1639926,1709976,1673616,1660689,1661029,1714067,1649450,1680073,1679791,1671403,1792141,1680004,1622112,1659181,1685734,1652299,1880784,1794807,1626139,1739682,1607378,1639704,1746868,1630913,1711075,1631945,1719075,1640303,1705327,1721529,1698128,1718942,1636325,1644270,1651715,1704583,1685369,1684016,1690233,1686426,1950316,1641798,1686573,1664105,1695456,1668162,1694318,1657287,1655343,1613153,1774145,1700656,1719431,1780783,1714783,1635648,1871078,1696843,1627589,1843798,1631413,1827270,1652600,
96000:1769210,1746973,1717497,1804855,1730123,1689560,1823007,1768682,1803071,1619753,1702711,1771444,1692527,1729478,1788176,1689914,1723772,1652934,1634661,1665044,1753079,1741784,1779436,1694733,1732847,1644049,1955505,1822272,1677286,1779069,1654392,1795251,1607528,1794865,1699612,1745701,1728851,1718855,1673349,1779340,1728716,1678953,1762771,1732229,1672718,1700982,1715524,1743149,1702031,1763169,1778306,1645438,1661335,1652860,1672305,1751717,1672021,1689640,1686706,1707414,1750277,1698674,1727037,1750786,1739924,1785831,1782602,1647214,1667260,1837265,1660771,1675141,1611685,1713776,1679151,1650938,1709773,1644751,1650716,1697785,1729375,1725931,1864908,1695018,1773526,1782697,1753055,1703693,1642613,1736625,1863835,1665364,1775995,1760417,1691568,1808083,1793008,1745197,1634833,1860474,
97000:1723550,1784183,1740670,1896396,1753262,1633138,1627613,1818770,1638477,1722044,1675849,1834755,1747326,1715879,1748905,1686997,1709370,1711723,1909985,1772981,1723507,1797797,1714841,1797744,1688110,1670573,1737654,1668011,1738513,1752380,1909347,1744143,1696769,1758255,1834194,1765866,1737768,1685847,1836193,1743681,1731761,1721255,1730535,1698293,1799191,1738021,1694848,1685987,1717040,1730879,1674443,1687884,1828163,1714338,1659686,1709990,1717305,1730590,1723785,1723928,1794911,1660660,1767569,1790143,1726787,1859026,1720931,1732753,1729203,1694868,1742260,1658306,1675828,1742251,1769254,1645521,1793965,1676309,1753012,1745962,1744609,1724067,1701213,1756549,1708263,1771112,1666572,1728482,1765663,1708865,1632289,1775231,1802270,1687286,1809257,1807906,1644613,1674361,1663175,1655190,
98000:1750304,1725958,1666115,1734791,1774977,1758315,1769127,1742000,1671805,1757026,1671915,1903338,1737422,1794923,1862094,1771046,1735138,1812584,1715046,2024589,1697553,1746585,1745067,1849455,1709848,1757841,1710122,1731153,1681486,1825198,1714366,1671932,1706640,1783646,1781143,1711389,1861528,1862536,1758212,1662881,1794125,1758961,1748613,1771977,1760955,1816362,1939013,1742056,1787645,1675120,1676896,1795540,1677297,1687071,1712267,1786654,1689812,1813963,1746529,1677303,1776909,1702978,1707569,1748218,1840513,1744648,1676832,1698055,1805420,1751103,1699056,1794720,1693075,1765743,1711432,1898228,1729408,1753781,1691988,1878320,1665842,1705312,1704753,1810715,1763228,1746621,1738214,1720663,1764709,1775392,1755795,1750221,1716513,1768705,1710948,1794339,1745765,1717820,1902875,1831464,
99000:1727781,1804296,1756991,1774631,1799599,1762809,1778015,1709934,1890466,1769391,1812480,1786340,1857171,1824740,1868574,1745148,1786520,1802916,1684563,1863503,1773923,1935104,1710770,1685626,1691758,1752995,1697226,1686519,1755908,1778782,1744882,1794330,1663298,1745821,1738487,1768782,1814259,1795381,1664889,1727689,2033632,1839101,1699729,1793571,1728893,1832217,1767916,1715389,1701965,1710464,1751385,1875064,1722397,1793010,1791729,1819491,1851151,1746175,1797501,1736540,1787892,1793088,1673371,1709701,1785650,1673446,1725633,1811871,1860100,1855024,1819045,1684822,1861212,1705779,1704172,1737749,1798792,1735804,1761079,1874692,1823401,1717515,1680334,1718479,1745233,1745476,1785104,1803364,1761865,1709383,1766126,1681144,1797633,1865488,1708629,1758775,1905730,1818203,1848361,1807949,
100000:1884851,1728803,1874131,1767674,1726884,1731953,1856334,1742241,1809956,1792389,1850455,1798828,1794790,1755804,1749752,1721714,1790307,1865335,1752310,1743046,1737351,1813109,1854545,1771937,1812292,1726123,1760383,1749717,1883999,1769944,1821578,1741627,1795234,1737495,1767534,1850282,1822324,1849012,1939768,1702693,1722055,1742804,1796527,1779579,1910739,1790663,1760949,1742171,1951506,1728535,1933321,1854931,1788925,1751823,1805609,1928181,1737206,1782802,1799835,1901099,1824037,1768842,1746416,1841453,1812559,1761676,1737994,1803408,1769231,1769199,1755288,1739065,1760225,1696231,1802993,1732172,1841309,1815644,1708912,1756128,1831029,1899956,1727994,1719634,1766112,1721483,1739281,1746099,1900538,1787116,1795084,1773634,1853055,1836652,1774787,1820786,1883341,1813214,1802306,1770697,
