18
1000:9093,7957,9381,10020,8164,8012,8893,8729,7783,8475,7966,8574,8114,8330,8753,8770,9161,8566,7587,8385,7559,7525,8519,7925,7865,9253,7983,8946,8073,8495,8101,8998,9311,8018,8134,7779,7817,8028,9959,8890,8696,7887,7533,9293,7627,8214,10249,7869,9928,8465,8251,7884,8449,9668,7921,8407,8286,8023,8890,8071,8256,8207,7974,9575,7813,9208,7722,9292,8900,8747,8238,8567,8657,8680,8200,7941,8201,9063,8931,8133,8225,8354,7427,9171,8627,9445,8267,9305,8612,8407,9545,7800,9167,7672,10022,7080,7888,9093,7631,7857,
2000:20081,18389,18399,20459,23191,20575,19190,20668,20290,19685,18583,17847,18020,19870,19257,19185,17488,20646,20034,21525,20463,21922,19077,20313,19175,19076,19460,25197,21031,19708,18913,18877,19670,23785,18950,19073,18006,17444,19562,20353,18095,20169,20204,23171,20874,19448,22325,21288,20287,19525,19591,19766,20103,17796,19749,19628,19642,19547,19816,19873,17706,20984,17458,18784,19101,18586,21173,19788,20003,20417,19851,22549,19251,21058,20633,20316,19676,21111,21783,18518,17288,19281,20482,19735,20559,20232,20541,18832,19635,19350,18989,18429,18619,20402,18942,22966,22330,19494,20558,18943,
3000:31636,30528,31867,32655,30245,30711,31523,29868,34679,36775,30971,31497,32261,31297,32707,34417,29681,32192,34325,33601,30726,29653,34099,31539,32049,31005,31774,31306,30167,35021,29398,31654,32323,28928,30798,32349,30760,32234,31936,34582,32015,34100,32841,33569,30727,34031,33364,31591,28370,33718,31432,37147,30499,34066,32647,30925,31509,30453,31277,32366,31313,35355,32517,32111,34502,32121,34843,30455,29837,32709,29527,32590,33391,30693,31910,33263,35482,31388,32965,30462,30333,35163,34347,31050,29130,35482,32090,36134,36602,29634,30771,31002,34411,32618,29773,32054,31311,32266,30798,30150,
4000:40791,43211,51801,45264,48434,44367,43608,51516,49348,43237,46607,47197,42974,45540,43066,42663,42965,43579,45581,40833,46296,47410,48265,43847,48099,45308,45964,41801,41709,44247,45887,43172,43809,44913,42083,46234,44656,44651,46802,42644,40315,46933,45197,48294,47287,48971,41964,43450,44578,42784,43087,45849,42123,45512,47760,47760,50749,45616,40851,50390,41840,45145,42341,43515,45821,48346,44567,42354,44925,44645,43430,41859,43978,46217,46065,50898,42302,42497,44904,43975,42205,45416,45878,42631,48689,39999,45177,42861,44730,43328,43739,45194,45499,43013,48684,46924,44791,39725,45871,44011,
5000:58180,61646,57158,59958,55162,58725,54621,57519,50846,56438,62468,58423,56515,58281,57246,55001,57754,54497,61107,56960,56793,58272,58001,60937,63828,53840,64536,54003,56110,57566,62443,56002,61023,61279,61123,59627,58226,56209,55772,62488,61359,67683,59404,55462,61259,57593,57310,57517,54544,58272,60773,59698,55594,65698,53215,57379,57511,64549,60809,63939,59986,57909,54999,56076,56812,64331,61585,58848,58520,58439,57106,57890,54659,61559,60042,57567,58611,59884,53744,63421,60895,53613,56745,54513,55292,56225,60984,58424,56091,59576,55842,54431,54943,56129,60118,60822,59365,56421,55805,62884,
6000:66808,67651,72883,68878,75271,77819,73322,70629,68992,74502,73463,72954,66922,74015,74471,69023,78300,65649,68700,72085,68269,73839,74378,74563,74301,71879,72903,79441,76878,72314,74543,81005,71781,73611,79349,68876,66952,69955,75445,69480,71939,71805,72706,69102,71924,71356,70482,71600,72853,68956,74241,77877,75772,70062,71258,69351,69147,74242,72487,65816,68075,70856,66771,78369,71629,73816,80292,69463,73136,76761,70124,75131,73815,69113,74884,70267,74134,71533,70473,74305,69804,71999,73384,69881,75222,74971,71537,69874,78941,65781,74696,73782,70759,66710,74681,72796,83470,73675,70466,71227,
7000:92699,96342,100553,92881,86665,81151,86368,87103,85436,86638,85465,82526,90464,88138,89733,90899,79244,85415,84181,85772,93178,85075,82982,80669,83221,94351,83492,78596,87068,82972,79683,86206,87497,87772,88857,95188,81478,86308,88165,93318,90767,85548,83940,88497,89882,86277,87580,82849,83575,86995,83801,79969,81526,86466,84106,80974,91831,98249,83905,93027,87518,83817,87627,92262,83820,79042,84479,92611,95219,85310,89000,85213,88676,80875,91285,86655,85789,83018,85033,84579,82876,85157,100427,87905,93218,94805,93869,84827,83279,88600,92196,91451,88467,79566,84326,96996,86269,89929,89846,83966,
8000:99175,98206,98085,93864,95076,104143,105887,101974,103933,101758,97196,109017,98628,109481,106322,97410,108098,95257,95717,103121,92663,100643,97141,102844,113835,100920,106343,103391,93367,99626,98635,98106,95703,105720,98587,101319,99616,100519,99743,100716,113033,97585,100874,98289,95264,98770,100770,100177,98074,101472,101735,101172,100363,102656,99922,109069,97414,101396,96982,95229,102950,105676,95883,100821,117414,103627,101167,96534,96686,98373,106732,100201,98827,103449,102446,96862,101412,95074,109027,100404,107816,98455,99589,101031,92267,101624,97901,94793,100651,94856,102964,103236,96996,93405,100882,101340,120657,98785,100640,96169,
9000:109750,117791,115383,124363,119769,128188,115315,124026,111851,126020,111922,116375,116322,114935,116182,117481,129411,109283,124591,116716,125076,124655,121994,107008,111270,112585,110699,120441,123316,112838,116420,108505,124058,109896,123335,113776,113798,105685,112819,122677,119566,106711,120430,117892,112261,110151,121338,119489,121668,108357,115833,123097,121961,121078,111273,115114,120588,114968,118995,125810,110971,124005,121891,115605,106298,112037,120279,109229,126041,111288,119510,115054,117901,123327,118689,113707,130604,110002,116327,123395,113720,112311,122530,121279,117371,120121,118014,114294,128417,124532,120324,121793,113608,108318,110020,130283,124742,128242,113331,112191,
10000:131507,126790,129730,136695,125768,129156,139014,133880,128741,127974,143921,140541,126988,128611,131366,125792,124671,124459,128650,127617,130858,128595,128365,128730,131641,136299,135057,135018,120135,126741,139175,121607,124690,129682,134610,134321,127589,122216,123136,125719,125901,122784,130763,144208,121017,118329,125578,132084,132117,125206,124198,134676,130028,128990,141521,136780,122991,125957,140713,139006,131663,124917,135710,126625,140802,124139,125340,123253,126765,130355,129237,126061,126763,127300,133994,131836,132316,132234,122303,137993,123706,125869,146780,134826,136842,128574,125504,130705,125961,142083,135327,121779,126317,131434,141644,127757,139872,129361,126099,129139,
11000:158683,139814,143644,153078,141691,158712,140109,154029,141632,134781,144348,155062,141296,143185,151801,141618,144707,166428,146408,141829,143928,148991,148535,146419,140541,140530,152493,145641,136842,144439,151373,151973,156052,147429,138462,148873,143055,141150,151299,147116,146057,140838,142772,146844,168718,137686,144263,142715,141456,151324,154180,154338,146143,144661,148506,142252,140965,153368,139799,143592,150532,144543,144090,152385,151990,146848,142086,148862,148951,140914,150181,144537,140434,139209,145997,140913,152051,143615,143718,147985,143343,144182,139603,149302,137864,147741,146593,141414,149359,154234,144257,144058,141294,140859,160191,144091,137511,142738,135225,153292,
12000:152270,170992,156520,154353,169737,159943,167746,162268,158622,162715,158574,163988,169076,161732,157373,148421,160105,158326,169467,161047,172741,157312,159351,169000,172863,151585,157548,158226,172611,155861,152617,154695,175608,153118,162816,161129,156317,177523,160605,157750,163662,174213,161771,176751,151443,159102,172343,178491,162831,156444,175136,162711,174384,156418,161653,153319,158440,163187,154421,151625,165419,156168,165068,169297,156380,168043,159335,169632,161976,161808,153608,164553,164886,160559,173416,159546,165694,161992,165550,161187,155653,163288,156038,158587,161009,160344,155483,166370,163282,169237,177992,159568,164533,154591,156043,161875,166254,159031,158389,155224,
13000:180338,173447,165612,174955,165972,185404,191083,185816,186331,169224,170886,178549,190489,162051,163438,176008,190256,180902,179130,193784,177272,186904,170866,177628,170563,185865,188292,171090,178423,196873,170577,174352,175590,169432,175518,172504,178480,177952,165854,163751,171309,179383,169428,165245,179897,172898,170474,172005,183156,189464,174461,180562,175715,188973,186157,201624,174282,176962,187487,178977,166193,170832,189989,170636,182435,172373,175184,172829,171256,193320,188523,181268,174794,167963,179529,172118,187707,173260,178474,183559,179425,194820,174571,173415,183380,178272,171012,173915,184620,178965,173776,183491,179385,174341,187980,173454,162540,168379,169360,175909,
14000:201290,194632,199993,202699,218582,194162,213615,192946,188177,196773,184086,190581,208648,199645,177756,196111,197352,190783,186941,177102,195312,193816,198183,187182,185460,190354,189059,188021,201922,199541,197440,193643,189731,183180,189616,201982,192152,204973,183029,185399,182301,200934,190845,183630,185795,207178,195552,198741,198597,186165,182483,215643,198841,177680,190909,189873,190492,199922,189944,196300,185927,218797,193424,189199,182425,183000,191873,193591,189379,183783,201181,193655,192205,198793,197666,189428,190456,184558,190534,196507,183365,195620,191602,192402,185141,208223,182669,189364,192102,196136,204629,210249,188034,200322,195979,181739,183851,193365,189783,208447,
15000:210550,218099,217384,210980,217049,194087,221545,202051,209502,193653,221850,196372,203094,234306,195652,197102,220167,208571,200737,218775,208495,196313,199112,206842,194774,201581,203493,219540,225145,222805,197752,197265,234525,209129,221971,203566,207846,198761,234121,203513,195639,202040,195075,199713,213028,197366,217856,213425,207352,209175,206482,195735,219031,219494,215613,223728,199648,198557,198489,209689,207150,210052,209964,212001,202129,232208,201158,207983,211897,209667,239702,199428,204424,198318,203545,207080,209560,198119,205604,220960,189094,203221,207000,197538,198543,197528,207573,211336,210198,206927,207451,198266,209408,226925,231491,189442,203963,202954,199204,211116,
16000:245272,227968,218723,221040,214181,249424,236105,223808,250504,217533,222134,205296,217778,232464,221363,224633,224143,228879,218619,212137,230088,214236,224101,228236,249667,226125,229608,235760,207388,241519,227031,229703,252706,216914,219208,239542,220725,235127,269163,223014,222874,217999,220813,226494,216206,251358,222097,216696,218010,233848,229526,224038,224997,221184,217490,245730,211066,250956,222969,237897,217162,211597,243033,230340,212744,231423,219648,237358,220089,217879,218147,233718,223593,219492,219044,224482,257763,209851,237035,219969,223140,215724,237400,232845,215417,221198,219200,213174,218456,221885,233689,221662,224444,215427,221180,240712,213058,226396,221533,248967,
17000:239761,253524,236850,255658,236983,241071,258043,249743,243440,243462,227921,246006,252124,236904,240699,236001,233419,223053,253003,232282,229635,235851,244002,240855,233525,223129,242390,227414,240742,234232,257100,229476,260699,243224,263025,263155,229963,227643,236915,225918,244690,255520,258777,237964,238820,229169,229445,247810,230435,246746,233113,235892,236399,232659,233629,241467,238391,231399,239016,231111,249640,234560,238123,232943,230285,241383,242339,241299,236668,248969,226177,244071,234668,233878,242753,226974,230079,266067,229713,237600,249203,255112,248745,238642,233331,243822,238791,232455,242143,251828,239248,239791,226141,251400,228059,228252,233655,232644,229688,234125,
18000:241223,255222,257493,259624,256948,275535,257031,249176,248155,247866,290324,260018,256674,241185,280743,277130,270696,251623,250825,255495,259282,249306,266346,243071,291633,236534,273603,240092,255737,255255,252488,251533,239143,253862,247319,254731,273839,250254,265420,260188,253731,261763,239978,271792,281653,249516,256013,243739,263033,252987,258164,258720,263078,240867,264017,253323,256123,249096,263752,249951,245896,261229,250066,270481,259375,251714,250114,255724,253225,250856,271268,268827,251043,288905,258665,265327,289825,257990,234649,255144,259761,249002,268490,261723,270284,254860,268777,248485,243068,248612,269937,241107,248306,257574,260169,264795,244842,255911,252145,249479,
19000:277681,297240,264838,268202,291008,270062,267048,301042,288063,271072,267878,271439,258229,275860,281197,262460,262898,273312,270129,251148,278898,254716,266369,280798,255768,256360,264117,250200,258487,257234,288840,266809,271261,287391,286879,281990,268272,264764,266015,261283,257968,279222,294610,275138,276047,259828,270670,290368,278200,263503,275595,268790,273206,266711,281233,277377,270009,262943,263996,282995,270510,288358,261253,264219,261337,273574,262762,261047,278675,275364,276409,264682,265158,274823,276629,277711,273749,273333,272087,290140,270070,304135,262812,269691,279026,273760,265639,287893,282746,270836,276269,256092,317624,265100,267714,268723,267877,265847,260936,266475,
20000:288806,279179,277044,289456,293326,304297,320289,282587,298098,280036,298242,266556,300557,291702,277067,300782,313478,296055,271327,284393,285703,284861,290937,293446,286278,298219,301343,277835,310983,278355,284030,267956,287537,280506,284041,281517,299947,305349,279355,286278,287013,310883,298655,292505,296443,295864,287274,281697,280850,288937,289797,292305,282497,275383,288571,294920,298196,306479,279095,270458,301851,283091,266996,282133,295640,311218,303252,287162,320888,282330,280674,279762,303442,289097,281893,286635,290675,287791,292826,271973,293680,301128,264693,292451,300414,294355,301659,286925,289132,311426,314048,280443,301492,312326,282751,310442,295540,284995,284403,281038,
21000:306941,295030,308321,292832,298419,317642,308142,301789,322654,309505,301194,315039,309070,286507,322136,298472,344569,296124,288641,293162,320193,301983,303889,317095,293224,288330,295068,302512,322117,348488,305776,284780,283090,293018,312064,301826,304255,317279,292064,301821,284039,308787,322914,315088,288467,281101,294454,296666,314286,312237,284403,289809,310697,331001,313133,315187,303664,305365,299404,309539,344877,296598,304594,295543,305543,290162,331543,311318,285926,305429,303560,306447,289176,292129,322417,313813,296237,308342,312349,313706,308046,312381,339335,301431,289132,292517,298124,298703,298279,308805,303352,308714,287345,292965,302271,316453,312736,303601,288296,287888,
22000:347390,353475,340531,311500,337255,300841,312910,344680,305858,326413,329194,307182,331206,309282,316665,305448,312117,313149,338138,311095,297607,311608,330134,314044,338914,320470,315344,315189,323846,338403,309850,352683,319374,338912,322643,311601,339639,310479,305301,323174,339742,316450,328950,322958,339064,331004,303574,326099,318918,321898,313239,311748,309705,309472,334228,318298,327656,331284,315239,329739,320132,327712,321051,332560,342626,323739,308429,299487,309812,301847,349038,362639,326975,338196,342594,320541,312886,314587,315833,309586,335330,328932,340653,323219,314184,314639,377431,323908,330670,306460,340655,331678,335182,318043,349998,330835,337630,310952,324758,318370,
23000:330410,323285,329882,337243,347166,314337,357686,328234,353591,344275,351444,335034,348898,413152,347151,360010,335538,366957,330866,352184,340523,363114,333487,336144,342248,337919,316047,321942,314446,339082,337506,344124,338513,377244,326447,345985,355554,337200,338738,331321,372160,318969,333907,325769,332322,328203,336961,328862,328369,312028,346110,373550,349591,328597,344753,336445,336174,334436,313430,333431,348357,321597,324754,351557,347318,345086,371398,342721,356818,335036,391786,366530,353045,339745,343165,338797,353348,326776,317051,323962,336460,349436,346835,347378,335069,347401,351101,340329,314054,355863,358316,370533,343674,353003,344669,345465,350554,322826,316023,331643,
24000:379798,341158,338523,342025,352958,332388,351972,367282,377343,334995,348409,327554,346695,352235,356382,348080,349130,355861,362936,363263,347395,381525,353269,347366,356516,349364,341671,350695,353198,351644,405002,350697,361748,359887,375586,352946,342339,342616,354728,414015,352041,350969,371578,366329,356333,371657,364589,339934,380658,347552,349868,342551,368830,355348,344239,347825,340003,353191,342046,366845,343975,356151,345112,351341,344873,368602,354700,354600,356592,373473,346665,394329,361722,345074,342722,329214,335629,331426,378812,355504,347888,336373,352396,356285,370114,363334,357986,335709,408165,371450,347880,345733,355014,356006,372673,359433,343342,344729,344312,384357,
25000:413999,379353,386747,399753,360778,387881,361588,390160,358181,404532,381763,385866,377425,371309,359957,350089,357443,357874,390790,386895,380298,403356,373384,368465,364169,368575,377467,363741,365964,368389,384669,357407,366708,358251,400958,354798,382521,371717,369261,363502,361023,375975,373138,368930,360890,357410,373794,364440,374345,360590,353271,358071,357036,375591,353412,349687,408638,401374,360204,379123,411257,347134,355843,371806,402743,358838,358087,398012,374288,369282,346787,355529,370434,386602,364095,353017,361680,345597,350687,356848,385771,352353,371382,391637,378602,397451,374673,371577,379620,391853,351922,387054,366746,363482,358878,387857,392104,353325,359658,371382,
26000:391947,355668,399687,370582,398445,389063,375561,402745,394510,365228,407720,368252,372878,401520,415626,405227,373130,393589,383965,372254,397183,390166,395007,399775,399634,375953,403012,388751,409627,426292,363844,399786,427842,398974,388622,370388,373609,377036,366891,379774,393207,391315,389208,378630,370239,380827,398022,391357,382189,394216,391225,382050,380294,376123,418515,388230,401656,392356,379558,378038,364209,389484,398418,378334,382884,371101,364978,389030,386035,381091,378848,389228,398151,370775,394864,408837,380375,366337,380890,389165,393053,411016,377342,418570,369151,382748,387819,387669,375827,394504,378970,373806,401747,401128,374274,385807,382357,377747,368993,373411,
27000:384365,403455,400551,405281,387755,410222,412009,393005,397087,421219,392555,396918,389680,420883,411626,403038,405702,430859,430981,404617,403198,427131,422891,433197,374634,407859,407239,406279,456462,426346,404593,400788,402071,393247,398967,382750,409235,400369,418652,402722,387366,472391,413679,397837,390858,408588,416956,396208,414695,393624,408501,418913,418337,397464,426474,395556,399081,386434,409729,406705,405717,423249,409986,403350,434921,400057,408506,405458,404464,416875,385370,400771,415975,419088,389391,399084,413474,432316,396518,419916,410560,401231,400347,420855,395193,437275,389918,415995,432670,390867,395255,424721,402934,381470,428393,418247,435506,405443,404596,411178,
28000:419289,452205,443711,406747,426805,427490,424547,414189,410187,406925,443695,452465,466630,401666,410109,414706,464458,492026,408762,417161,435442,409516,449721,390350,434725,409407,413261,418939,434252,407470,428794,427784,400696,409367,431574,437723,402613,421907,428819,419577,405314,416993,476973,399520,414318,421536,409313,421338,394598,403907,427946,437344,408837,423915,445861,448266,428343,413513,427428,415172,420824,453984,452630,410646,449289,409693,460308,422740,422797,398829,405804,421983,408001,431349,432824,403168,427011,432282,449561,414684,412532,431281,426983,419953,425231,404271,442961,405881,418687,421712,392672,418779,443484,407894,414037,431581,458274,441389,440267,415511,
29000:441955,453497,430097,473057,455977,424414,449980,435873,435041,440094,479973,456218,453559,420502,468819,420382,430783,438978,424813,452708,409531,421965,441059,422038,424166,445539,415647,428021,450212,434943,430353,469033,426919,455970,421287,414908,456902,423054,464137,437352,459930,430571,457235,470418,439425,426827,495490,425543,436081,438682,466780,411533,433016,452370,422936,435627,407751,465575,476359,419706,466368,432501,466482,433782,454781,431236,457819,425976,430309,423685,418096,434827,426027,443468,441914,422855,440894,420566,473992,464080,447080,439319,433662,444850,425044,427993,430474,473592,451845,441344,452206,438097,444135,431836,419439,441576,454192,523791,432661,455743,
30000:459724,454308,486936,471873,449809,437814,441719,465405,430787,454074,462507,438339,507962,470938,441428,428476,441608,462301,457024,457219,467921,433152,461269,483221,440974,425459,450788,430229,467978,475811,459905,447423,472846,459838,487352,460592,450142,469838,427737,444939,533634,434554,470145,444161,457788,453538,444426,461823,447783,455972,471555,449626,455772,463129,424349,501935,455511,438125,442454,464876,479579,450134,446281,458535,445797,444130,437347,448622,471171,445727,468334,479064,455604,449765,440011,458170,479307,461319,452734,486822,492751,462335,507065,540821,461277,434422,500129,435661,437054,483769,445098,461666,484408,442957,430721,463732,510421,441431,442870,462234,
31000:480823,485102,474816,527699,486012,485323,462769,493826,478181,487200,471644,486390,498518,453561,507574,499314,478144,523382,454861,458814,468285,464577,488294,461500,464351,485676,478380,478794,445655,468401,464133,471468,540986,466465,474536,494424,456524,482113,467998,463543,451293,461713,457083,463126,506714,476182,493318,472083,491349,479340,482695,462850,470792,447897,493961,466346,463885,489770,483092,477126,467990,497664,469447,513856,438068,461512,474932,493786,454835,500413,472805,481291,480732,464510,461192,493216,457203,508203,459626,451564,458756,465443,483108,495960,530844,460929,463691,494386,490409,517986,465125,482307,488376,507245,475577,484158,512351,479171,443180,475559,
32000:482979,526140,471931,493947,524254,484423,470426,533615,518780,467051,511958,502456,516500,474890,497994,496870,481245,481109,480678,504951,487082,476843,483556,480422,514616,496435,488579,504658,497306,490259,481057,497444,470388,512211,504267,489061,472632,451371,502654,477016,549995,571926,472942,558743,504445,492434,535641,473479,479280,475575,514626,466889,516697,509224,480330,473479,470216,460881,537146,490789,492275,473116,521385,508006,477368,483431,495189,490318,528963,506928,477464,567969,474104,520968,489847,542414,484699,504107,483596,463021,520071,508397,480813,520724,466268,481681,471673,483585,512844,475704,483259,489339,466347,469124,481241,542517,471718,498157,510533,466124,
33000:491840,530432,501370,475701,494147,501386,537600,471037,520034,512679,497462,501901,507186,514059,545578,492535,519082,501433,503579,525250,505816,575118,530633,522827,517184,496649,501897,493632,492381,486852,510312,559722,505743,495827,507133,503806,521603,568212,497448,537683,493422,495672,524575,502001,498871,544233,519850,485861,518812,532348,494682,492588,478279,488983,517433,502237,536041,489602,491418,501516,476721,500282,495189,485808,503092,504799,594835,486075,513159,512019,516992,514807,525027,498840,488353,530391,518325,498260,509859,505461,500760,521748,524957,494505,510423,499327,475856,530100,506183,523906,503521,490159,475185,495401,526003,472853,517724,497641,488645,502990,
34000:563654,516279,509992,506874,518546,531624,517578,592629,560679,523501,531821,507350,555233,549276,496261,531782,499821,543795,516321,525909,548688,547025,555800,548543,518162,557834,550281,516208,549794,523244,492018,504853,521927,497976,547013,555106,512091,524328,527437,550821,574038,529671,560730,542996,523718,535028,528809,534782,524443,541357,541671,510114,568119,499353,527946,538000,547389,531098,547046,551222,547764,522889,556861,496516,551845,515682,553743,498912,525718,504789,544595,562047,536451,542177,497084,540366,579978,542158,515341,543164,525206,520299,530428,533213,521652,501354,519589,538936,517464,526534,528207,514905,520498,510181,520314,530273,529139,520644,505940,538308,
35000:547697,569404,534280,556150,554718,567676,540121,542441,542862,553740,542601,563183,537925,569427,539983,513806,561877,549406,540180,525922,572682,556196,522123,592553,557594,517725,531332,549057,524680,509244,547827,558396,567007,525188,526042,600617,572492,549483,548590,535473,533601,549352,522579,521159,570701,601094,557078,537873,576903,562763,541558,527251,563570,619769,527261,517460,536695,544782,601617,545055,552990,557026,526374,518913,518596,531053,546969,562002,566319,515215,522615,552607,525118,572962,531861,547038,564962,553257,564501,535622,557982,552153,513216,559116,505891,518400,541588,522376,611466,601100,535906,583787,550479,520001,531616,533071,559431,521120,542097,569788,
36000:569159,584326,565454,563167,541020,545945,570912,596421,533873,616107,572082,543865,543847,561631,562600,563328,557341,612494,559461,552028,543367,597761,590197,538812,532354,542820,540604,564272,541031,538658,537722,579815,555348,543525,561194,548364,554425,577754,547867,542026,579278,566870,560480,593261,549183,556515,579141,569763,576703,583973,534167,574664,570108,526896,536975,600310,549624,599978,579209,581301,571658,594580,549756,593891,551458,556562,543287,541383,588075,572318,523896,552188,562034,557421,580813,549551,594240,547081,640209,559343,582615,566338,578051,554498,588693,545458,536607,537680,561789,591858,565332,537246,557933,586669,572499,587525,562569,610444,549438,548420,
37000:560117,556898,558300,619859,601977,582405,575364,586773,618543,565411,598459,570819,579841,579813,609453,534863,588616,550495,584810,557222,594187,609890,583251,589397,641231,573629,559901,589443,579151,587063,549464,597474,573552,609159,560448,583264,543021,551890,648266,653029,599051,608554,585865,565087,583652,576108,563972,563043,585770,610066,617084,585211,550602,553478,552965,574558,550735,538890,561919,550422,581207,583058,567067,587008,603095,563227,593190,603103,624799,572668,629369,561044,592973,582313,639610,632661,565442,595220,559522,579457,641891,579598,636721,550649,556169,572627,547047,555484,573053,616184,561641,608623,573180,573258,589485,568699,598761,583643,557784,591992,
38000:591391,618660,639926,559268,595534,631329,620806,595905,575675,590178,610200,601723,612895,576098,634882,589800,577747,583905,582894,620868,605670,563932,577110,578508,664092,571551,599437,625784,607770,605309,593494,578066,641517,603020,658421,619506,611234,604637,578683,572965,576310,586635,594523,609141,650250,590490,592927,575899,614016,605619,582067,645462,630891,576324,612012,613526,607609,567901,591459,607806,597894,585756,605344,579026,603748,570222,579984,607101,585815,626973,580952,599716,601253,576273,624089,592678,592901,597042,564955,597322,581478,609205,621480,610318,583312,587937,597139,607494,582033,615964,598568,584586,600941,586456,611692,611659,574383,581393,563706,582136,
39000:624902,620653,653217,598482,636354,595697,657257,594662,624224,626341,605246,665427,623966,668800,585686,599694,614599,648268,639552,604130,618881,635374,603843,637172,628195,612335,611734,623952,659765,574384,586974,601048,627030,611139,636142,641242,614721,610069,604196,624237,639124,572007,580071,602282,596349,609220,621052,632382,585734,621139,628277,661643,616636,644562,629867,581397,605693,627149,659954,628440,604637,639130,607053,628299,646300,621617,647227,645927,581518,620622,645739,694912,602309,611747,606169,670919,581177,572152,620929,585776,580352,601321,587735,682254,604602,604534,688318,605958,598978,618256,622414,611338,575669,601938,613084,629842,583885,648899,615829,596424,
40000:629572,617594,622904,597346,639670,606565,616114,600881,642971,600186,614417,606010,638236,632620,624198,626677,638479,712290,693875,711601,619746,623808,595677,627287,602972,638168,621887,630778,631089,631174,660033,622726,615812,631724,599058,658000,623050,639614,655185,606106,619225,637988,625418,613130,614045,662188,654599,628161,694973,650362,626471,619444,607157,625522,625779,619362,618774,655010,614661,616348,643554,618455,651543,627404,656648,624914,671577,609992,616630,654920,622179,603016,658081,634514,616525,638714,643631,634128,644110,599701,646072,624379,623390,606923,645706,640050,631533,708492,614156,616342,644066,665634,595753,656935,609863,624810,620454,645083,652487,666670,
41000:656127,630666,662884,638154,656344,651337,673425,648617,648906,638773,688799,675640,678105,622591,644901,654202,642255,706381,653136,631348,655009,713930,669069,656367,628422,623957,678741,647463,618347,639808,641605,637449,674631,659811,630850,636843,660783,622099,622524,659844,655466,613321,664261,654572,644806,662236,626673,675319,633164,646383,641528,631617,664641,660595,680064,651250,690685,622235,620407,661970,605329,656238,635723,634738,653921,695470,637814,684479,643518,633942,621764,695825,737570,636554,660900,635381,692327,734390,644238,668131,665420,647819,616175,659770,630298,679062,624991,628766,652801,654584,726141,685424,638698,649328,651062,686548,669961,671720,605928,681999,
42000:706539,644061,671567,655216,651410,697919,709734,654523,666584,655211,657091,652920,657348,648072,676608,643141,675673,652222,667116,651658,727393,653302,652261,689745,668375,682690,663252,678138,670386,619038,678792,655393,658359,649975,729028,684779,650136,648933,668586,640090,675525,653600,641686,649336,689354,653976,662617,676035,642327,660613,673050,665817,643008,646181,642093,675943,664693,654416,661856,662872,660411,661130,668385,659265,659828,680698,662732,647607,687260,631718,664402,693212,679674,658915,623331,709016,695883,646772,706297,731213,671952,635124,637214,660404,680332,654640,683865,640159,664361,670651,723051,633110,696694,662510,650172,765284,715412,723656,680031,677406,
43000:658794,695638,665025,697208,653119,719831,663394,688709,712692,699293,709712,666531,678497,686151,710262,680092,676611,677527,683974,672667,672956,722425,646168,721917,708646,665211,728055,682279,675002,639863,652289,658371,708479,648223,672907,686762,686170,693151,696379,700567,665830,738813,672399,681424,711587,656350,711006,668657,669485,674294,712019,725750,692637,769037,649125,699991,681969,658266,652197,699696,685817,671438,709741,666577,688561,680541,688685,748826,680346,717235,684669,686579,669328,688372,682182,695470,690201,684877,686777,651641,695755,733518,686654,688714,719864,682230,689363,711804,708714,699981,681616,709367,685140,662970,709198,670063,711292,728364,649263,659472,
44000:681471,713890,674506,676806,711123,664712,654862,725047,704869,712470,672701,732441,805030,699818,688709,653936,762998,692915,720323,763689,712060,687852,678360,727265,674366,709402,720158,736995,728759,716185,676834,679968,710644,718267,677294,778753,667701,700998,770881,669806,750426,758358,672082,668232,710505,683555,701797,723807,705636,686883,690276,705603,701890,710092,738296,660836,675240,717041,712255,758842,682951,680664,674307,709760,687376,690504,681562,679891,700026,756588,734809,722121,723283,688227,677345,693006,670704,724915,701370,689273,659732,690450,725827,708308,686879,729267,694390,692382,699017,746594,730112,704190,743465,751685,687126,702828,692644,681235,699424,706038,
45000:692596,744301,701877,713331,693900,755935,692189,724557,696811,773774,752183,712733,678620,720857,761025,701648,728805,716755,705227,715943,693815,678335,701642,774466,675598,712588,705049,731640,738161,741624,728198,717907,799785,782038,734996,707745,714262,713004,692703,691604,751039,778556,702422,734157,748881,715926,737276,720681,743925,693533,737353,710657,717576,726428,721518,731401,706275,705747,704951,677419,728713,707943,725973,727018,738531,765093,726466,726950,685206,702533,700128,684775,691355,745550,708459,733185,708258,686241,786472,729038,705303,720944,705336,797602,705874,689020,689697,690183,720907,685022,683999,780496,712600,686612,699014,722168,758406,734979,691474,782111,
46000:778891,750146,718611,699005,720778,740189,749422,707748,824403,762958,722959,731620,812279,752838,775656,756033,725163,734575,729386,739999,795807,742885,780669,786488,749959,769222,718197,724911,720747,772236,730496,716739,763182,719730,706979,704900,810400,700220,694020,685821,738979,741943,767619,702282,743983,735985,743634,765387,733450,764847,736632,773562,735751,808018,752529,729260,727651,734310,780658,782764,748683,743350,758748,789547,780181,719622,793812,734668,717059,723185,747875,728360,763100,769487,710895,687891,744218,718527,788387,716927,737328,703829,740565,694629,709903,800962,702328,746562,754607,764542,731827,707916,717669,718469,758868,731156,729477,693858,778118,742618,
47000:707901,726779,719181,822936,725676,757519,784806,780503,757823,743480,815240,749042,766648,741833,737889,793553,768669,746642,737085,734710,773242,789531,718648,733616,801760,795895,788653,762338,752803,799968,743161,743270,763442,764035,724234,777290,716642,740007,807294,733318,751141,784811,809053,732965,716124,740198,724900,731529,736108,781179,768330,727085,754821,781942,775089,814152,751626,759631,732496,769284,753457,778986,730590,745168,796408,700760,736042,743382,790694,725681,747674,786641,721122,865533,729365,709761,741499,820770,773521,741425,726484,754064,726365,752457,800158,757503,761987,770176,805442,733532,755768,736859,814700,811000,743649,742426,762451,778679,733925,780251,
48000:797649,751644,812274,795430,789636,760383,831787,779165,839340,749470,815010,750820,771515,753226,766609,755896,729235,795016,745989,762241,790699,822813,754316,773277,784775,797114,783093,778453,835217,779366,747074,833661,788513,775374,709907,765479,752534,768889,762088,849603,765633,785244,772459,795881,789514,743196,783394,784038,722402,783237,779344,733715,762960,780541,816893,745953,741055,777918,826218,791949,775136,734164,738987,774607,828075,752024,749284,771861,821231,825485,818988,842466,776230,833311,818135,764586,779423,768209,785616,746896,737219,741131,750222,753642,807176,764436,759761,777128,756545,748066,745414,777813,773454,751472,788488,740899,738450,759035,744117,741813,
49000:767771,774564,792767,773298,777934,857326,770816,765287,762231,761827,786188,795413,761271,826646,806226,812768,804529,796982,775290,806249,881329,754368,822968,887802,755741,844067,801414,763077,871634,796830,791800,799174,767596,769749,796975,816851,801964,826482,774083,762644,834907,824566,789035,824033,771507,792038,821589,889279,764441,859610,811900,789603,810506,781314,762339,850086,776753,819973,833519,826527,836036,766638,799926,835097,813185,784185,784051,810427,784968,769916,769414,785602,816027,843575,813062,787699,780166,799883,772330,759588,768642,764897,797512,753439,817398,742769,780667,833093,818583,753228,832104,803792,785197,774162,797571,787446,764498,818397,812792,842309,
50000:815137,799070,813696,777714,851595,788040,826466,839302,871828,861595,792027,844130,758827,798630,835383,796254,811023,807946,802302,763576,793472,802391,817811,784406,801292,833188,798236,830371,819526,831608,823194,791961,845999,773607,872135,866318,789487,841442,818995,786970,825684,798287,781561,879370,770661,818302,848251,832991,827155,894314,842455,783055,867131,790660,771273,800891,840889,783667,796250,851614,808082,776073,799863,834020,845589,782087,822987,834179,858280,802859,790859,836156,835884,772082,766801,770646,847071,838132,780806,783852,861909,832123,838012,796183,800470,789794,790741,819302,830402,847695,786930,844473,777958,785300,853720,834347,786472,790338,808075,767243,
51000:826596,803636,820206,848531,838528,883043,808402,810365,808240,836022,866979,795254,841536,869589,910569,816807,840894,825962,849130,803620,830756,788494,793759,838902,804434,787594,843019,788058,812622,834766,828272,829391,910454,918109,824158,837483,826564,787109,827678,810259,908347,820925,888432,875292,843330,918331,832838,860996,807683,893751,828435,884560,805721,799181,816221,847630,837820,848042,810991,845866,831379,827647,879765,901929,822108,883249,801183,797588,835442,874010,825030,838234,832881,850434,831603,839854,904338,837819,828639,837288,855615,852001,796629,863663,809339,789247,843089,768440,840884,796276,809771,814106,863019,792625,838043,845456,821779,842623,790388,913510,
52000:850091,817029,814673,826164,862461,879298,858985,815582,849898,879709,825760,938919,841813,852694,818913,854659,816563,822404,833978,796738,856145,880302,868808,860155,805332,865233,892880,867185,809369,846136,845921,839438,876221,833905,909310,830098,834113,849782,808811,838315,831849,800713,826890,856516,848618,845887,833803,848460,875792,819040,826944,819902,862540,832308,878821,820027,894788,875146,838873,870915,856524,845184,810778,867551,906957,823797,875672,815522,833983,841411,800725,855499,816669,878347,826083,893266,817324,879580,864154,887196,830728,801445,834871,866031,809457,878978,810477,809214,847733,835365,836806,799995,879337,856324,818681,804847,817457,871753,837756,842746,
53000:854940,898827,873538,834117,947406,850612,830195,838566,911008,950566,947928,900179,879633,871689,880555,912425,899382,885903,935224,941782,854543,869511,840820,907806,884652,908689,877292,892623,865333,820830,900656,860056,847992,883657,842258,943429,875502,870891,875572,853269,840761,971653,865564,856351,823112,833649,891885,884189,895788,851853,894870,865427,857722,847997,908825,869130,879186,931214,894116,866003,930480,882389,819960,882247,841343,943741,854620,973268,887875,900511,829038,835748,887266,926056,827033,880162,834973,880733,883671,831334,861685,888980,894808,848072,848105,844210,865256,839397,849583,831244,910747,849726,862297,876760,865890,892611,919491,846098,865242,784908,
54000:862715,910383,941347,869279,865653,1052363,836379,921491,922518,867440,880770,904196,894746,884133,891738,846407,869128,862984,995964,853338,865499,835185,876607,901570,936197,846912,895863,842650,843300,841018,866233,877304,964611,874213,916046,919770,883415,868513,864384,903914,880575,910488,915637,847157,874919,861790,849280,829590,918317,894973,876627,864784,888067,855148,864651,898676,885021,860060,939966,905364,903206,887199,908023,939720,880579,833212,881068,859119,956403,871097,886682,895307,881781,911377,973124,882430,869489,916131,951302,910283,887349,861880,941027,879471,918578,840581,860537,857886,870374,877033,890392,868485,890143,852889,850750,944721,854499,862900,923055,875853,
55000:906500,871309,906181,919007,928771,985730,850146,923421,953940,911387,947804,897119,893441,898631,898146,921671,914855,881728,916442,921276,899541,887056,880739,948266,884659,920842,890806,894034,918916,905141,915073,966936,881070,936439,914233,965561,929874,954724,935223,891143,891554,876455,856666,914986,949204,857792,902566,932383,889089,910807,966453,860557,929825,900883,918343,908628,910962,899390,894619,876022,886856,910825,888527,943271,882566,906698,894800,906634,928377,857488,876043,973854,891596,977997,969624,872587,921028,887614,1044872,911098,882233,951269,851625,837996,876127,848209,876384,867497,900732,936448,901555,843993,864803,892110,872474,882947,888541,870169,910920,895037,
56000:940942,899762,894700,912780,875712,930991,920265,904658,937296,902216,913432,978238,904802,928990,933941,922282,898256,870376,972468,910023,953627,957886,905058,884726,918221,937553,874376,960020,913148,915199,923434,885830,927098,909624,916223,896595,961297,918290,886150,878314,915879,907080,925431,898615,997474,977238,935888,925194,888330,964001,918538,934135,885121,916117,898724,935958,1044729,959843,904083,928356,904290,941887,887519,898594,963747,894564,898441,903572,909551,911933,939955,934746,991359,936903,924989,1006545,941207,913568,906536,942386,922638,1042889,876956,917920,926236,979882,925577,930504,974049,917353,905506,910844,890521,949194,880092,918168,957271,908799,928372,876669,
57000:910680,934954,954586,986069,953473,1018870,1030857,955810,926364,933543,946081,967297,963148,1015950,954780,908619,1012020,985144,960909,928227,955518,903013,962620,935161,1030495,903016,893379,906440,882772,930670,988696,922159,894797,939499,970044,931556,965043,946456,957501,930423,934434,990981,933057,913441,932532,1016138,923360,939549,935227,938325,944011,965684,974386,939427,920472,928073,1020091,915167,972605,908675,917613,927283,867977,953893,905479,964417,1061366,962076,966437,973405,979831,899547,909286,947491,898165,948903,913765,914289,919401,948043,935690,1015254,998758,961475,937433,999059,939431,895793,963324,943783,920573,927083,915241,878243,931686,934542,901286,892374,946640,922025,
58000:940078,951326,916382,931035,921271,971958,927909,949587,986928,1028176,921308,942518,1002164,944081,987598,907234,950552,960732,987264,919114,931128,971255,929884,919443,986536,998555,918754,1002831,975737,1002666,966178,970887,904376,995421,1000512,992371,922649,938326,942240,921936,962371,995749,988669,932043,960033,1085076,959711,950117,970426,921566,972018,955225,943330,960967,935971,946886,957126,928975,963434,936557,933888,936200,1023046,972362,924394,1047685,1024791,956992,975937,1001336,1000088,993398,957276,991455,960725,1042624,951456,945054,918573,964275,957162,958250,986065,962293,994380,916863,1046441,978157,927483,970328,969925,952527,907844,921985,962463,966612,902448,942588,921298,968023,
59000:970543,944657,997224,1001469,943152,1038163,932906,962885,972528,968248,940434,1000976,966407,987517,1017118,937593,951624,952479,1009107,1034374,1027751,965039,963433,960619,957220,972461,1096448,933385,937966,953586,991570,1048053,997583,973883,958145,947728,992665,1021397,998958,977398,958137,963114,1035494,991320,972316,953776,952860,952569,935058,949380,1027228,992923,957138,976047,972804,971001,945236,977384,931629,977831,1021912,923580,932202,956982,960464,1009379,977952,980001,935779,1025981,955283,1020261,1034307,956511,1095180,982181,1021124,963990,968110,1063209,968621,940968,997955,961737,1111499,1022311,998606,930015,930308,949158,1007499,992818,981817,984800,1015806,1038312,980143,978227,989777,942128,
60000:1054964,1020406,995396,1013893,975137,1003251,971678,1057313,964318,1008539,995445,1001744,953492,988069,962590,1012336,1069208,992636,1074251,981867,997915,968560,991698,997713,1028953,1092061,995344,1024253,974881,1031129,1035816,1012632,1066226,1050863,1010137,1067656,1028556,1036414,953536,1048953,961191,1018797,1013144,963490,1056347,960068,1133004,990768,1018581,968971,978643,975238,1123565,1064872,992062,952074,970530,992984,1079463,994046,940317,1028666,992013,935136,1002812,970874,999612,963541,964281,1001337,1038657,1025321,993183,1023191,1037872,1007620,1079096,977398,992585,972381,984448,1024885,956977,1035754,982435,983748,1007041,1023739,950405,1041794,1014016,1027482,1059421,992153,1026382,1016082,976295,996301,963281,971279,
61000:1010616,980014,1005750,980860,1052645,991902,993523,1038318,983831,1054273,1002023,1043921,1005667,1004517,1103510,1001710,1000425,1016954,1063841,979153,1094292,970269,996550,1000373,1014641,997014,1021242,989085,953401,1012806,1047334,1122310,1063198,1010546,1028884,1020313,1046751,1027538,1069971,1086158,984570,995691,999767,988164,1043330,992108,1006342,1003790,965573,1001473,1009806,1007609,1000355,977114,1001139,1055169,999309,1054947,973136,1036613,1041316,954721,983103,1004241,1019316,992729,1043830,989415,1123252,1027150,978056,1090827,1013591,1011973,980365,993558,975739,1002651,970507,969722,1037560,1077523,1021975,983100,1004924,984528,1076471,1108831,1089111,1056871,1026913,1105084,1019322,1059224,999164,987267,1054305,1076425,1113045,1030630,
62000:1012245,1009568,1016818,1017280,1053421,1044670,1061418,1014370,1051213,1133644,1009652,1086751,1036967,987196,994407,1012145,1009264,1003842,1014520,1022770,1005816,1024987,1102571,980594,987893,1007544,1041307,1010413,986948,1010917,1002724,1071997,1022531,1059410,1039788,1092417,1062809,1064459,1122432,1022683,1011006,1083326,1027050,1015687,975887,1066259,1039061,979878,1023525,1040275,1040179,1007318,980333,1053884,1078150,1011237,1012007,970333,1087314,996080,1015136,1047168,1029766,1067377,1056659,992004,1012457,1017332,966190,1031985,1061865,1076182,1023082,1027352,1007608,994036,1033261,1022527,1008748,1053613,1098654,1033269,1004896,1061803,1062088,1034170,1031613,1017910,1103043,1034184,1084238,1034936,1035477,1020285,1010008,1048729,1047885,1042001,1003685,1003501,
63000:1061540,1053840,1051551,1019863,1046962,1052314,1117369,1028605,1072824,1042039,999951,1028290,1124514,1085662,1061593,1089683,1082062,1027460,1034219,1116166,1017629,1068064,1045388,1116953,1000878,1063898,1060257,1054832,1064840,1129057,1084334,1043701,1029165,1036596,1096788,1158420,1054059,1039925,1056241,1113066,1075875,1048194,1047957,1026025,1016912,1039364,1101031,1102920,1077604,1062102,1023136,1023374,1007240,1058164,1013380,1068409,1088445,1011536,1164555,1074273,1007314,1071434,1011200,1034134,1112400,1063858,1142133,1061816,976111,1059606,999241,1030799,1172694,1025609,1068816,1020871,1051504,1042314,1084895,1006229,1033433,1019218,1102611,1071167,1054959,1136520,1073094,1039633,1037184,1002172,1045189,1043909,1091378,1032853,1042733,1113128,1110289,1062663,1008143,1069989,
64000:1109809,1151810,1031816,1051349,1043098,1076537,1097863,1050008,1068591,1103938,1039549,1035488,1029899,1113731,1050228,1040615,1048799,1093889,1150495,1108518,1076133,1135238,1076952,1092476,1125873,1077384,1149705,1198949,1085834,1043009,1046622,1062999,1066937,1104629,1091067,1093836,1044411,1105069,1114471,1056697,1074080,1064668,1089849,1024275,1081900,1060520,1075071,1100262,1035557,1073306,1051824,1015716,1091645,1055176,1055750,1065339,1034713,1036777,1074909,1009340,1056901,1094622,1142295,1096514,1020026,1062683,1071167,1094353,1043193,1039544,1024935,1039909,1042615,1134528,1071410,1094221,1025213,1111738,1078565,1247121,1054400,1081680,1061037,1033585,1072899,1049587,1089458,1046393,1121522,1088016,1090644,1049103,1026590,1025435,1017979,1100794,1044680,1053293,1059557,1134164,
65000:1102438,1127488,1087355,1077265,1182964,1072296,1117324,1084859,1087751,1058054,1055927,1048292,1046091,1079899,1055456,1095947,1055510,1074768,1079148,1119278,1061168,1106929,1108142,1093302,1137686,1160653,1075563,1060739,1042230,1065464,1128164,1076569,1089393,1054596,1085778,1073875,1060909,1152012,1108892,1115515,1122584,1063327,1107945,1126173,1087359,1040903,1107983,1133127,1060258,1071610,1088630,1083725,1177871,1038491,1079849,1142989,1045664,1109936,1080331,1118480,1079325,1143869,1074612,1114877,1039942,1108424,1037771,1133487,1134901,1052735,1161024,1061494,1085739,1098791,1072633,1145266,1063616,1064806,1138402,1139368,1086986,1032256,1075891,1112003,1080445,1132220,1111829,1117590,1058557,1066826,1083170,1106241,1090449,1040727,1098953,1043195,1097027,1100226,1132577,1177666,
66000:1117373,1094343,1129749,1092049,1107202,1180453,1111585,1181421,1069799,1095305,1095418,1208669,1109584,1101261,1163946,1158601,1077662,1094348,1096658,1075771,1097797,1073588,1213386,1168857,1097967,1095664,1150541,1120372,1088223,1106014,1078243,1163137,1128267,1075431,1108704,1100096,1121999,1112718,1152072,1058428,1100221,1156996,1122868,1099815,1107447,1071226,1101121,1071754,1117643,1206218,1074475,1101852,1056870,1145919,1133547,1097929,1073185,1132137,1183704,1109532,1099711,1117744,1107067,1128143,1053410,1062252,1111011,1102072,1042151,1079579,1141989,1104645,1121912,1166551,1165540,1156983,1086999,1050440,1081957,1103649,1110347,1100457,1115054,1097909,1074077,1122266,1118597,1087007,1098429,1119493,1117058,1063817,1146181,1125854,1081141,1122160,1079509,1099482,1088214,1196648,
67000:1099828,1091123,1137442,1084467,1176615,1122697,1096396,1113356,1096910,1107052,1081390,1095109,1135343,1112390,1076285,1078437,1266126,1170118,1119327,1079110,1087808,1062784,1084448,1178285,1119520,1097719,1102225,1101190,1116687,1169411,1093047,1094219,1154496,1131082,1091096,1130020,1132875,1101098,1146644,1096025,1205731,1108034,1181291,1128569,1070403,1158492,1149202,1123892,1108013,1100456,1155883,1105563,1145910,1168135,1158810,1151749,1137258,1084279,1093608,1190405,1117533,1123889,1258369,1222919,1162904,1199349,1131734,1113180,1202499,1103559,1116837,1086434,1184154,1099824,1143158,1128173,1202352,1093278,1103597,1159405,1104444,1090622,1200800,1101501,1147067,1139328,1136537,1153929,1182228,1112936,1088836,1086434,1177487,1135442,1112681,1222848,1084135,1095684,1088616,1156327,
68000:1107993,1086748,1121142,1138268,1148922,1140266,1133449,1242124,1093396,1172033,1136490,1189351,1136319,1213575,1122449,1210814,1131880,1134741,1238975,1086811,1114426,1141513,1215481,1098595,1230020,1141715,1182155,1260789,1221354,1146757,1202165,1173094,1098306,1193334,1098380,1188322,1112602,1178829,1119684,1229333,1163765,1124581,1136080,1178942,1118387,1184796,1190194,1113027,1171176,1106571,1188664,1209988,1169518,1173947,1165870,1130887,1208948,1160497,1129595,1132865,1154026,1126175,1123213,1130359,1108204,1172061,1130787,1133455,1268585,1111805,1115371,1122939,1115932,1171029,1201538,1115774,1173345,1146164,1137969,1100193,1146015,1153076,1095225,1094400,1237066,1232799,1117780,1158849,1121257,1109646,1089437,1161905,1187789,1141771,1126710,1266223,1118377,1132428,1124625,1123442,
69000:1160220,1199951,1165559,1256047,1103022,1117226,1150209,1155534,1164083,1165304,1190897,1170431,1192288,1143017,1176735,1147455,1143786,1189760,1171339,1125897,1120245,1198870,1272691,1176083,1164072,1142917,1127475,1182346,1165968,1165064,1164673,1143035,1123810,1118579,1173451,1129177,1128195,1143941,1130095,1208987,1187593,1171086,1121042,1268767,1127198,1172647,1161082,1143222,1128098,1131845,1117477,1135758,1116083,1271103,1246086,1156563,1119038,1187038,1155520,1206057,1195119,1209278,1162034,1099897,1127033,1300777,1166590,1136933,1176580,1195227,1151002,1156814,1145226,1259229,1232904,1133831,1170797,1196945,1130737,1268196,1170926,1139438,1194793,1150120,1202525,1139933,1201099,1112471,1147241,1177626,1120226,1172514,1136750,1142346,1186157,1160615,1188084,1117332,1140694,1202046,
70000:1184767,1257385,1144580,1206812,1205139,1147257,1215310,1164777,1168936,1226676,1207894,1251958,1139858,1226383,1161209,1122899,1200275,1190172,1164236,1212053,1118694,1161197,1286697,1120677,1195142,1129385,1186563,1258103,1119430,1267764,1188404,1204946,1309244,1202549,1173339,1172609,1185032,1228313,1185241,1146088,1166172,1161149,1162514,1120073,1165410,1235027,1172330,1175189,1163541,1109910,1195360,1151928,1259127,1353879,1120163,1245834,1425314,1259260,1167412,1126201,1228118,1140283,1158621,1133516,1247395,1155765,1182291,1161894,1193357,1301762,1130774,1155138,1168509,1170451,1194243,1301427,1195230,1113247,1216085,1171761,1264274,1100366,1216047,1212486,1181795,1311772,1198083,1160351,1258018,1195402,1340747,1172648,1285044,1142695,1143598,1168841,1161798,1180169,1288131,1201206,
71000:1217201,1216087,1286958,1271580,1164210,1153474,1209260,1150109,1308970,1228592,1208653,1220532,1260956,1163339,1252234,1179985,1222810,1194275,1136830,1143433,1176786,1206778,1218553,1178789,1177421,1231244,1247499,1201853,1247042,1203721,1190086,1191836,1180829,1142049,1256890,1131425,1224535,1216928,1219421,1171803,1190000,1221936,1151689,1174611,1216753,1187173,1167596,1197383,1194881,1290304,1240884,1251043,1357213,1165406,1273794,1213734,1190223,1205742,1199921,1244598,1138646,1240879,1280445,1161341,1256327,1205514,1192850,1181208,1307917,1150292,1319044,1178634,1174215,1305847,1266601,1188002,1272244,1212264,1197490,1216826,1161785,1137243,1204960,1205494,1221996,1125276,1165824,1191021,1273159,1175011,1273963,1184857,1224479,1174525,1154861,1205018,1197748,1104643,1154981,1191274,
72000:1174725,1250378,1171800,1163453,1145043,1232583,1206367,1262406,1220871,1229216,1210317,1218003,1252107,1285779,1202216,1182951,1202409,1235985,1253680,1213022,1266244,1172294,1208356,1242685,1282263,1228238,1178263,1158775,1258780,1236758,1219070,1231679,1223304,1308257,1212228,1123881,1274408,1206428,1282992,1226671,1218121,1158103,1203162,1222675,1327601,1305341,1289462,1183043,1222122,1203750,1217815,1217326,1209850,1163890,1245005,1252264,1203039,1280644,1206569,1235622,1284215,1236512,1331068,1220070,1183916,1280688,1247961,1214135,1278076,1191009,1254488,1240500,1228694,1192567,1210942,1202029,1193388,1227805,1204438,1198783,1221508,1277304,1242294,1145214,1190887,1244270,1152061,1199219,1210481,1205329,1237722,1214310,1179514,1235319,1202359,1271556,1210948,1266759,1276353,1149110,
73000:1234233,1206441,1222842,1213580,1261423,1257329,1287520,1303733,1230873,1251516,1283240,1216497,1177185,1211582,1261123,1361909,1198413,1234072,1176314,1278747,1197584,1274569,1331154,1238022,1182994,1211966,1241191,1181302,1252632,1298443,1334589,1208691,1277067,1222213,1277075,1407631,1245365,1256573,1186524,1207975,1362012,1234138,1190031,1237716,1282609,1275507,1306724,1261154,1197720,1226181,1342561,1235750,1285317,1228374,1235854,1203363,1244177,1272778,1315858,1160513,1320476,1253958,1246781,1282274,1231298,1230127,1267518,1238766,1202563,1217011,1296244,1268722,1268251,1250907,1210043,1267119,1213090,1194507,1260304,1222705,1241182,1294803,1195940,1293635,1207641,1244588,1181757,1222408,1217500,1257805,1207664,1276134,1233118,1344537,1294288,1204891,1310398,1186043,1284735,1252832,
74000:1327028,1318671,1248797,1209299,1204478,1269226,1237483,1266379,1231551,1192446,1224419,1402284,1293478,1249772,1244985,1284868,1238755,1190585,1341317,1318751,1254155,1321206,1247306,1234302,1208896,1247023,1258273,1246442,1254627,1304640,1283050,1258539,1208354,1182160,1253312,1217976,1257405,1309612,1255915,1249790,1300573,1189006,1252045,1231459,1311993,1291109,1223941,1282527,1237714,1208593,1227926,1306055,1285811,1185908,1243989,1291874,1339489,1247704,1236798,1239812,1316106,1309796,1322366,1232430,1218852,1248782,1225702,1301165,1230524,1231369,1261154,1282836,1359838,1222680,1265442,1261089,1212831,1219160,1265288,1281448,1371437,1231865,1346592,1338819,1216262,1259119,1207166,1241881,1279013,1288903,1275129,1253584,1272793,1270727,1213147,1229355,1271589,1345810,1295256,1289059,
75000:1286218,1277477,1274409,1200979,1220191,1222039,1270013,1311935,1274907,1336095,1302623,1289064,1240615,1200847,1247102,1303744,1205908,1321436,1264688,1243528,1325739,1257667,1197397,1315734,1283586,1237732,1259915,1314108,1281359,1322775,1370668,1246382,1220033,1250233,1278963,1290162,1317688,1343666,1321045,1267199,1288903,1312037,1257176,1335520,1252205,1258026,1266603,1208239,1225780,1243029,1275455,1296647,1272518,1279782,1248355,1265524,1210915,1225904,1226016,1345606,1211848,1205399,1290595,1242379,1237771,1221728,1315606,1245682,1314262,1364187,1272748,1364739,1246733,1257886,1237518,1358551,1246032,1290989,1243243,1362130,1357385,1309323,1280711,1224153,1252501,1235600,1350135,1289264,1270261,1427865,1240568,1276019,1250725,1257363,1330430,1286089,1357783,1273395,1252709,1319442,
76000:1229643,1269609,1332235,1304502,1268617,1237776,1287726,1272217,1368921,1290357,1266542,1267585,1248098,1306376,1284203,1276816,1233023,1304587,1282135,1369811,1205623,1257251,1269593,1305056,1284139,1252772,1316586,1336010,1326409,1311032,1308845,1309494,1301428,1303106,1378180,1276302,1349067,1269928,1237908,1311214,1301455,1431474,1296729,1251430,1244382,1302061,1349374,1278074,1327265,1303641,1309065,1288822,1364391,1406777,1364063,1262820,1295179,1265633,1274928,1278653,1250795,1271537,1220343,1263321,1244214,1359268,1297621,1303689,1218869,1310295,1239736,1241729,1290801,1280133,1294157,1217780,1272918,1351308,1330545,1285444,1348363,1277308,1280194,1302164,1286821,1342408,1322790,1315970,1251320,1270191,1277056,1285168,1315843,1254218,1410544,1313344,1279282,1329423,1305497,1305599,
77000:1397821,1310279,1374738,1320544,1332755,1351713,1305579,1356380,1372660,1330280,1442089,1311365,1356053,1355947,1263018,1296584,1304490,1271576,1299958,1348746,1311047,1349092,1408651,1273257,1283962,1339789,1456659,1396540,1309731,1286385,1335124,1351570,1324692,1270231,1342886,1458998,1247007,1297143,1332943,1283660,1307350,1373947,1354509,1282068,1307374,1319838,1308767,1264332,1341262,1310274,1384030,1367821,1277070,1429122,1318222,1344661,1328604,1334962,1321886,1392301,1280576,1403619,1279940,1334558,1434926,1341359,1266504,1264335,1290937,1268218,1336307,1455411,1301556,1238125,1229864,1268052,1345468,1279808,1313375,1428591,1264369,1290380,1296048,1266236,1291792,1281316,1363955,1413411,1269419,1265568,1314234,1353883,1238097,1327092,1310966,1321879,1301870,1281818,1392028,1256287,
78000:1349070,1306222,1304299,1439657,1271867,1303937,1383271,1266310,1319178,1297872,1410677,1311013,1280188,1318113,1326953,1304700,1312979,1404789,1398159,1326181,1429136,1378036,1317541,1328180,1275522,1297670,1469441,1371694,1324894,1348787,1285477,1403908,1389517,1429391,1525950,1297238,1313868,1310630,1360499,1401965,1506706,1292438,1375771,1433892,1288899,1338185,1317733,1329425,1277349,1408342,1287838,1332470,1293492,1311559,1426244,1372672,1448925,1399260,1288483,1293965,1360405,1278590,1292579,1360174,1367228,1362916,1304031,1360817,1313147,1349418,1282425,1300537,1308109,1399076,1326573,1378506,1417893,1361505,1361671,1354085,1493618,1292821,1351942,1450276,1451075,1327480,1360092,1296796,1305018,1390411,1266923,1322907,1346316,1381962,1324291,1384216,1320021,1524002,1353315,1349863,
79000:1295626,1415268,1419912,1381553,1351814,1310773,1373425,1306786,1463769,1361093,1355185,1384829,1327219,1320186,1410673,1341391,1408742,1336776,1356165,1295372,1378833,1302594,1331987,1374283,1385624,1358282,1336915,1363710,1346611,1380402,1372003,1376935,1306729,1302691,1356726,1309369,1295611,1407105,1472124,1292339,1384257,1358181,1393902,1337238,1318980,1348557,1361743,1305464,1345792,1351603,1438231,1362984,1335773,1342680,1333556,1342648,1347571,1409802,1347921,1282555,1452010,1420437,1343850,1361126,1346975,1344333,1382278,1326522,1326150,1438772,1362202,1456923,1473902,1425134,1378611,1368431,1305053,1413660,1371188,1376125,1325244,1342381,1386175,1343814,1336395,1435331,1333713,1407298,1325270,1343113,1376599,1332945,1306030,1374431,1366478,1323343,1358340,1352170,1356277,1545177,
80000:1446625,1316468,1282813,1368266,1372856,1318881,1289191,1395496,1419340,1332921,1311761,1315313,1347565,1395761,1380614,1332457,1394172,1374733,1338027,1344366,1337008,1493691,1291197,1442729,1362530,1311929,1416755,1306256,1280545,1473182,1395902,1387547,1351183,1433880,1431636,1367166,1410459,1331306,1424040,1355380,1426188,1312421,1377034,1361444,1413664,1321930,1361852,1362390,1344903,1304771,1363439,1377743,1345358,1402148,1336768,1427236,1353332,1379629,1363632,1471067,1382947,1391311,1512958,1316703,1405644,1348242,1311411,1424922,1351405,1400745,1380732,1364968,1523663,1368583,1522912,1378271,1402167,1319760,1375446,1435873,1463876,1385209,1375611,1358690,1349503,1340081,1368523,1341126,1342278,1350458,1322447,1405690,1358509,1321334,1425615,1353688,1402447,1449014,1331297,1335395,
81000:1429957,1373917,1336873,1361833,1424910,1353830,1403952,1339628,1378982,1403467,1365715,1297073,1324265,1394340,1363447,1499032,1503800,1308522,1399551,1565942,1417426,1453815,1364371,1406112,1427080,1416585,1425850,1350701,1400138,1397919,1417496,1504297,1370477,1338939,1397211,1366341,1368235,1380835,1366919,1416984,1366127,1311867,1363241,1333971,1344372,1322256,1439312,1421396,1322853,1326402,1495452,1381870,1359412,1368903,1370228,1372105,1425692,1333948,1403679,1410732,1503901,1336313,1476881,1444322,1389014,1409809,1397641,1376056,1382978,1460525,1374089,1439871,1520336,1342451,1314972,1351961,1313042,1380203,1441446,1396257,1400531,1360764,1425000,1404804,1343006,1465996,1435000,1396610,1367995,1352787,1392479,1433953,1348541,1440529,1339303,1398781,1395219,1445640,1517995,1369001,
82000:1442064,1410023,1415603,1358847,1385534,1439242,1407339,1410640,1421007,1380769,1430716,1409646,1494594,1405952,1477464,1362173,1418645,1387546,1391742,1426463,1355530,1466959,1347415,1332486,1399297,1519744,1503161,1409068,1420714,1406928,1443030,1474194,1521886,1383354,1459664,1403858,1341650,1379840,1413094,1463156,1468837,1378007,1414929,1538297,1473468,1381066,1334183,1463638,1528991,1636446,1443492,1414793,1386613,1403287,1374537,1431473,1392602,1397294,1431770,1388797,1420659,1427602,1405978,1418761,1414496,1353436,1456257,1376972,1380676,1557478,1486904,1537239,1390516,1426291,1342352,1366790,1422652,1432235,1399989,1371475,1407638,1496424,1400344,1466068,1374306,1398724,1386852,1371391,1353917,1509510,1399437,1490374,1485843,1344172,1475782,1472995,1407027,1423380,1378232,1362361,
83000:1499342,1512129,1466200,1540706,1407106,1471568,1392046,1555773,1389879,1389396,1439595,1411377,1401805,1534938,1391560,1429313,1490044,1384495,1470554,1473665,1368951,1395331,1438960,1436752,1391907,1463790,1456960,1462400,1348930,1499941,1419594,1415252,1474210,1456832,1460256,1409691,1396533,1421338,1438324,1456589,1412283,1416572,1440211,1399022,1363562,1545529,1393693,1419943,1499690,1432256,1431551,1419319,1377538,1424105,1465391,1419220,1447245,1461921,1370071,1497234,1439843,1475221,1487669,1483077,1421163,1484326,1625954,1399132,1350355,1447176,1408975,1499694,1418142,1414285,1603248,1407309,1467421,1529912,1503338,1585168,1384638,1406120,1540175,1501443,1392227,1409608,1361390,1431858,1479795,1484601,1380254,1438099,1469255,1404273,1532491,1443842,1350903,1418036,1446906,1497332,
84000:1415611,1382404,1422949,1428264,1398686,1457548,1548335,1415324,1400461,1480893,1519856,1467791,1449505,1392183,1378304,1431155,1440917,1504476,1604206,1396761,1470444,1463026,1568408,1484174,1425309,1420660,1427018,1454272,1384412,1557238,1446827,1483618,1392198,1390606,1428261,1423155,1453031,1392570,1404847,1473366,1454730,1449853,1363005,1415152,1536230,1403988,1514234,1500983,1429063,1386409,1518298,1543766,1448794,1437295,1504358,1602731,1460149,1374883,1436154,1464880,1439957,1425044,1447992,1461351,1409360,1414230,1419221,1675807,1429795,1513895,1464791,1568260,1425625,1401332,1485971,1472987,1406608,1467068,1441189,1525312,1420716,1529369,1417093,1513588,1519586,1425351,1486000,1413532,1417844,1412380,1403545,1455145,1425354,1420267,1401054,1437288,1493963,1445233,1430412,1492026,
85000:1447903,1502444,1447454,1384071,1422407,1426636,1528039,1455026,1451498,1646642,1522554,1474263,1397032,1448868,1503483,1513277,1523231,1497129,1471905,1531518,1432609,1546511,1486874,1418473,1453030,1441004,1426118,1386117,1478078,1632050,1501548,1554023,1516635,1397931,1511521,1445635,1403947,1551964,1482273,1462367,1557956,1604110,1416813,1618830,1396602,1409933,1396856,1563670,1459011,1446421,1507239,1535425,1444095,1441652,1398482,1546755,1483586,1460068,1482345,1505829,1582855,1480577,1594454,1466076,1435910,1509951,1475838,1520040,1485758,1424387,1468452,1461860,1420787,1580779,1491934,1421899,1493781,1444247,1443705,1464865,1477532,1479240,1391213,1534397,1506130,1414890,1506869,1465452,1404300,1472858,1463422,1417884,1423899,1499701,1520967,1555170,1481541,1535851,1551516,1404969,
86000:1414713,1469010,1457999,1442907,1510620,1559781,1458579,1475412,1478483,1486338,1525151,1531945,1432815,1491528,1521419,1621326,1464960,1439888,1473747,1410030,1510539,1481651,1508273,1481647,1483329,1514561,1462227,1490153,1431335,1546977,1435223,1458494,1575415,1527096,1486441,1457811,1517244,1456488,1479427,1444791,1522635,1444107,1555518,1426792,1508193,1488591,1418977,1551452,1499691,1469281,1442189,1430404,1450929,1416007,1418060,1513737,1570939,1499714,1571355,1582170,1404980,1537586,1448131,1460177,1553320,1590207,1494411,1485926,1542524,1634754,1549127,1501513,1511747,1459421,1423936,1498650,1463187,1576902,1557800,1531963,1590161,1502352,1443785,1413659,1494090,1483353,1483409,1491251,1497219,1585183,1746684,1461176,1575557,1506233,1476005,1514377,1417644,1471388,1505038,1474447,
87000:1566145,1519042,1566931,1451698,1440944,1487101,1428027,1618240,1505032,1468184,1473473,1545828,1530125,1562707,1529733,1487314,1493656,1447327,1476477,1555309,1502816,1515740,1515347,1494126,1482219,1507581,1688287,1558929,1455041,1493872,1475445,1482809,1493531,1441941,1505908,1445277,1541197,1480785,1581504,1560574,1609746,1521315,1442071,1490425,1524078,1503288,1547918,1577173,1427233,1554590,1434587,1428398,1473229,1604854,1496533,1625511,1557069,1490157,1481197,1514272,1503691,1563256,1450073,1451244,1512993,1555236,1555798,1479286,1556470,1539863,1462635,1542708,1553802,1580860,1517966,1498005,1455933,1513520,1496393,1554324,1579110,1483644,1434070,1525761,1494581,1443475,1499785,1503421,1494960,1569270,1507206,1501497,1505056,1543727,1587153,1549638,1481924,1462647,1473632,1495169,
88000:1523145,1442911,1565967,1453900,1558048,1593358,1570239,1514090,1495758,1631113,1527393,1550538,1582482,1511438,1516363,1523087,1472975,1478291,1580070,1432250,1556437,1503329,1452252,1495758,1590984,1507118,1516049,1501543,1527940,1644609,1544481,1496754,1542065,1565055,1554213,1531350,1482760,1635812,1490289,1565193,1496302,1701623,1464426,1485044,1478030,1526501,1511215,1545991,1550317,1458856,1559614,1489754,1490000,1488191,1549025,1535165,1515156,1464285,1500429,1538366,1537341,1504544,1478123,1620046,1543240,1590900,1490397,1557137,1562209,1497394,1489737,1474610,1564987,1540104,1546118,1458001,1624516,1459743,1490775,1548592,1499539,1554758,1554054,1590253,1667299,1499993,1552631,1598253,1467316,1455625,1510221,1502239,1515237,1492828,1497608,1526074,1574379,1513372,1500012,1459269,
89000:1484756,1519866,1592924,1573425,1565335,1731548,1604063,1601781,1511166,1583172,1526015,1576640,1581180,1606403,1556251,1546745,1638414,1564108,1673578,1578428,1562644,1520837,1538179,1583293,1547212,1483407,1645736,1501628,1506843,1558496,1508609,1563131,1495944,1537450,1540778,1606600,1581645,1608199,1577773,1516830,1471680,1636521,1483867,1540502,1489148,1532432,1527976,1564559,1652802,1496682,1553383,1519288,1482688,1651168,1560819,1544345,1542327,1528452,1511371,1486121,1574673,1522769,1612166,1527258,1512462,1670272,1564125,1560678,1557220,1480381,1632893,1499411,1637779,1579322,1564531,1463167,1479830,1662392,1552377,1556064,1513680,1568385,1526213,1536225,1569345,1616686,1584956,1593330,1531771,1591840,1508550,1525864,1572202,1566473,1581508,1567882,1528466,1482518,1548362,1566505,
90000:1618157,1593902,1699160,1514418,1490157,1505633,1746229,1519011,1603954,1591120,1529289,1511330,1613991,1587597,1486203,1688007,1528676,1586521,1524294,1557240,1495344,1537994,1544847,1605661,1512587,1587966,1724259,1595360,1585050,1549795,1530969,1682256,1584222,1719848,1552617,1656340,1575419,1561218,1602028,1546279,1627029,1561065,1575590,1486788,1536728,1604149,1576037,1570923,1611947,1570642,1641963,1671656,1546117,1517438,1527152,1566094,1534062,1540334,1505371,1543064,1501393,1541019,1762101,1638456,1538950,1610970,1557018,1643422,1750870,1569607,1571781,1729080,1565867,1568831,1597276,1574775,1516777,1601571,1546247,1572010,1554246,1613232,1587117,1563418,1515716,1705391,1540705,1616576,1530685,1540467,1544462,1615109,1554446,1729756,1553686,1579915,1650153,1510839,1513127,1635272,
91000:1638033,1577546,1559778,1558341,1638718,1668123,1584630,1544853,1575854,1563272,1649754,1660482,1577498,1537002,1712164,1609164,1543888,1561936,1622534,1614498,1489568,1544589,1591235,1540132,1513527,1570779,1560356,1604378,1643169,1620840,1602356,1566741,1775780,1576130,1539124,1481096,1581154,1675783,1538625,1616174,1594992,1527113,1576559,1574026,1652089,1671679,1632189,1633518,1582476,1524159,1650647,1676597,1534346,1600161,1587451,1592011,1560083,1539967,1615131,1765415,1559951,1615845,1569038,1598328,1703113,1544440,1654373,1560130,1549295,1668398,1644387,1519211,1631140,1571937,1751136,1672234,1516537,1561342,1704380,1626054,1649094,1531357,1567419,1593065,1508960,1581377,1584488,1589350,1621233,1584680,1575658,1584643,1602936,1571920,1515772,1574849,1545485,1549028,1708438,1670955,
92000:1624461,1585112,1606518,1610597,1562313,1559923,1686504,1690467,1630274,1581150,1537172,1713615,1667463,1614696,1557416,1557078,1629601,1548909,1582162,1615303,1624846,1608842,1580977,1603473,1662396,1583639,1522098,1645796,1615403,1617343,1648981,1655429,1570700,1564952,1607984,1574015,1624709,1554199,1632737,1596794,1598498,1593330,1630984,1686370,1613493,1656043,1635955,1581306,1612690,1639008,1616131,1618441,1578086,1645375,1586792,1642601,1544577,1722593,1617893,1669995,1663684,1715441,1564153,1753098,1539293,1577142,1658012,1601926,1584041,1578149,1532840,1601598,1610501,1637274,1583765,1615560,1499028,1660019,1582855,1553396,1614585,1620210,1716685,1587434,1575416,1678563,1565559,1576673,1603011,1864744,1755853,1736989,1603771,1523041,1551713,1712717,1541814,1586899,1640537,1596105,
93000:1595600,1574982,1587042,1547388,1677204,1689290,1550409,1610825,1685992,1558438,1629364,1649559,1675442,1634537,1641089,1704410,1627258,1691077,1655682,1767331,1604206,1682445,1666276,1598939,1665017,1613139,1576054,1585077,1587205,1594492,1703270,1696090,1691092,1581282,1791476,1601675,1576316,1730431,1670835,1597573,1561728,1571360,1612414,1659382,1607236,1626188,1526917,1605827,1635190,1830549,1638691,1580299,1581290,1531443,1594545,1650378,1595090,1575846,1608319,1649992,1620360,1672971,1707779,1709420,1632756,1583269,1632097,1566206,1650853,1760096,1591859,1553368,1607826,1565653,1759823,1620187,1579256,1628983,1614790,1638755,1667328,1605653,1612141,1595292,1607212,1609457,1614699,1667361,1589868,1589757,1587036,1646478,1622889,1597506,1666518,1603257,1695189,1620238,1638271,1588843,
94000:1710261,1671741,1698605,1554173,1561067,1586468,1601462,1657616,1587179,1695935,1625158,1601864,1638295,1727730,1736801,1634773,1597883,1623360,1701387,1695260,1626611,1608922,1596679,1598268,1703705,1589061,1599333,1845548,1613275,1604460,1588433,1581657,1596566,1632217,1622601,1699313,1736012,1684291,1629756,1823154,1597918,1725918,1561904,1705756,1700175,1602340,1659797,1659877,1621061,1615371,1672489,1648294,1670097,1782109,1621746,1617431,1720567,1571979,1670607,1634435,1622769,1728278,1666299,1738496,1697041,1620673,1738108,1654372,1700281,1629761,1646828,1561074,1605606,1626718,1634495,1619879,1560115,1595438,1673943,1605628,1573759,1593178,1645424,1647720,1650315,1714051,1793872,1613560,1624896,1735629,1764107,1634284,1593652,1598069,1682090,1705054,1602168,1645311,1759451,1581311,
95000:1699636,1676357,1643732,1673243,1668964,1683479,1609575,1715936,1644543,1705384,1589112,1610306,1669727,1606992,1613046,1662835,1581071,1784736,1697663,1692324,1646127,1674963,1676888,1636651,1644220,1645105,1645745,1649222,1668434,1745614,1634555,1618704,1645458,1603229,1726103,1770515,1661281,1654045,1711606,1849939,1639442,1759670,1639511,1659068,1646708,1702301,1586228,1698108,1596012,1718078,1672249,1692585,1660903,1646438,1692249,1650980,1803053,1647343,1605284,1705499,1603501,1611681,1704846,1594392,1636751,1767048,1695567,1581175,1596492,1725334,1647728,1667335,1887694,1621360,1714839,1704501,1697007,1785414,1645193,1707027,1692327,1769273,1681259,1694536,1664049,1660192,1640783,1671442,1638944,1602586,1671036,1637527,1627401,1726974,1688179,1660040,1662545,1694308,1681664,1657339,
96000:1729282,1674618,1690263,1733875,1688984,1664547,1689360,1695419,1695351,1604321,1733162,1646918,1708249,1616696,1698025,1721229,1678058,1628486,1712043,1715396,1637371,1662542,1727549,1659647,1649788,1632504,1625049,1585360,1669672,1681510,1596043,1696042,1701318,1746281,1651391,1649182,1631116,1835898,1775251,1657090,1643103,1844181,1643263,1617446,1683505,1587050,1682738,1704990,1736134,1786858,1764859,1764366,1737491,1688883,1634217,1611628,1669891,1632830,1773432,1841549,1640945,1758094,1601814,1724128,1688487,1658429,1679319,1628555,1587413,1673565,1689798,1754348,1699973,1680448,1677578,1678644,1617866,1685656,1678458,1719255,1682041,1958491,1661232,1648729,1722322,1711718,1676374,1701645,1567357,1640125,1709431,1698847,1798332,1716104,1699965,1718458,1704104,1712046,1604140,1616265,
97000:1680420,1785335,1631578,1719274,1667334,1702857,1626844,1752722,1664512,1683060,1722224,1686386,1675210,1794162,1708653,1649956,1668996,1778801,1753439,1730845,1711737,1646906,1816136,1672010,1669875,1656226,1773028,1617942,1676769,1618620,1802471,1778248,1649393,1758365,1690893,1666616,1716856,1769303,1672632,1843237,1647575,1802232,1772503,1792873,1630191,1680160,1653574,1679599,1767869,1829283,1706930,1780262,1722638,1594122,1679775,1670720,1681619,1674520,1700313,1685492,1830693,1917358,1714766,1603285,1692403,1666419,1699297,1672794,1689208,1858352,1710220,1708095,1665701,1609992,1739970,1662711,1779402,1843079,1634118,1691899,1639920,1709182,1720088,1742024,1668644,1655550,1642820,1751294,1711864,1758022,1770308,1740526,1664308,1672562,1732766,1739503,1768203,1709476,1722509,1614765,
98000:1723236,1816148,1694643,1691350,1730702,1709287,1714621,1661214,1724920,1682466,1782386,1734627,1775543,1826194,1695784,1787977,1719135,1820937,1619198,1729976,1794742,1686143,1691520,1763170,1784987,1859299,1662093,1814766,1664749,1706278,1681096,1754324,1843366,1739569,1963054,1734533,1677432,1715570,1696505,1665690,1690731,1681069,1682061,1683171,1774345,1780102,1745155,1779260,1731288,1681151,1634810,1641508,1776267,1713376,1738098,1699431,1814467,1627445,1699289,1777251,1695285,1859319,1715639,1673592,1744906,1645978,1751427,1851424,1735685,1725604,1688010,1730945,1773242,1775761,1719865,1783168,1752049,1699939,1794416,1707392,1664738,1776732,1792770,1732339,1660374,1721681,1709938,1732188,1749052,1733695,1749503,1644146,1671690,1786100,1777492,1725112,1734442,1683886,1657282,1802256,
99000:1675921,1724643,1636858,1802168,1717003,1693576,1764691,1720076,1773359,1783630,1799810,1725351,1684520,1711053,1711617,1731570,1803761,1775151,1806304,1806246,1692096,1714418,1735011,1830662,1835640,1680934,1742878,1799045,1721684,1802403,1720200,1768430,1790137,1860741,1719737,1663701,1755785,1864135,1721375,1795079,1724410,1764315,1732525,1950457,1814406,1782414,1648675,1683460,1869522,1787932,1687938,1844231,1855696,1683491,1838687,1822221,1702859,1745787,1804387,1726188,1672740,1704254,1668405,1756067,1723784,1737272,1676199,1739525,1740294,1723760,1747620,1855774,1695234,1737901,1719286,1749412,1771081,1724710,1809004,1881602,1844992,1812901,1802150,1768988,1686482,1696574,1718761,1879106,1660015,1742300,1807687,1678894,1702884,1750734,1780047,1693704,1742187,1703050,1797762,1700992,
100000:1765420,1715095,1796381,1816273,1743509,1791460,1711871,1814048,1845218,1776850,1707168,1720658,1722781,1785728,1702751,1743510,1868347,1687788,1764904,1793662,1665448,1757222,1792248,1809706,1877423,1756417,1778065,1801842,1761261,1841673,1820637,1772536,1832766,1832931,1928711,1782388,1709449,1741383,1741180,1727963,1787194,1816252,1778683,1817731,1679896,1683845,1702663,1849780,1714335,1718363,1715089,1769389,1689669,1725409,1884673,1711480,1882327,1721510,1684765,1849322,1691409,1753583,1677300,1800396,1750593,1806583,1718713,1762201,1834786,1773646,1770888,1724979,1752195,1707661,1725534,1733664,1768083,1761983,1658545,1704499,1795533,1768332,1957927,1713088,1724705,1715783,1726148,1724168,1752544,1693533,1736183,1785314,1851330,1706745,1790452,1820107,1730680,1775390,1883078,1760537,
