2
1000:10283,10279,10125,10832,10373,10217,11745,10791,9944,10453,11663,11965,11910,9876,10236,10452,10230,10192,10545,9798,10906,11363,10850,9781,10157,10575,10389,10502,10388,10822,11006,12315,10013,12327,10760,10305,9829,10009,10856,11209,9860,10970,11845,9664,10053,11698,11334,10638,10186,10563,9908,11574,11062,11282,11162,11766,10653,10558,10667,11216,9741,9727,11202,11042,10513,10024,9708,11317,10233,10407,10699,10039,10463,11049,10032,10831,9760,10732,9843,14085,10899,10601,10909,10222,10753,10212,10494,9485,10003,9895,10572,10009,9723,11008,9588,10061,10895,10880,11061,11255,
2000:23793,22992,23446,23086,22902,23480,22525,24731,22267,24019,25285,26121,21960,23635,22764,23572,28668,23199,22883,24535,22589,23658,23829,22640,23795,24666,24917,25963,21775,25206,22776,24828,26153,23784,22872,23215,24132,24314,24017,25994,24450,24097,24519,24616,23458,24182,26922,23760,24267,23081,22501,23680,23648,23830,22491,25942,25918,25102,23757,22891,24097,22526,23887,25454,23297,24116,24592,23043,24577,27700,23257,23606,23036,23985,24680,23585,26042,27709,22214,23601,23640,23546,24847,23357,23732,22446,24469,23620,23459,25126,21788,23601,23734,23781,24921,23210,24286,22842,22728,22726,
3000:39973,36118,41742,39948,39115,38052,39031,37808,37901,41007,37644,39126,38363,40535,38665,37494,36707,35819,38249,37801,39516,38984,35324,37029,38442,36539,36219,37458,37202,37244,37271,39855,38817,36187,36269,39360,36845,38645,37334,38970,37891,35187,38856,40596,35710,38552,38131,37974,36333,39155,39213,36818,39268,39919,37370,41499,36874,38323,41638,38529,36684,36319,41065,40948,39625,39148,39217,40789,36555,36851,39759,36677,39654,38521,37559,38655,37605,38638,37422,40252,38253,41856,37266,37055,40787,36845,37089,39677,37483,39715,37883,39838,39489,38173,41931,39270,38655,39530,38911,37602,
4000:53673,54722,52415,58457,57845,53989,52502,55033,53707,50760,55931,56202,61765,51395,51786,53179,51286,54121,54918,52853,51735,52980,51552,49799,52877,52840,52335,52260,62132,55599,57244,54090,51295,53103,56443,51579,53769,51617,56221,53189,56446,55286,52508,50804,49535,49786,51984,51078,56636,53075,50632,51751,50139,57193,54170,51017,53037,55370,54744,53679,49927,54442,52572,51965,55575,55148,53935,61254,56669,55909,50927,52494,51136,55459,51437,49996,49897,54149,53290,52241,56949,56868,54010,54471,52061,49116,53553,56268,49916,51982,57697,53268,55299,54719,50552,53132,55562,54993,57399,55986,
5000:68502,71540,70244,67465,73765,69420,68437,71354,65581,63574,65628,65552,70057,63691,71099,70540,65309,69397,71147,66685,69517,68637,68459,65808,69163,72228,71752,72040,69540,68414,74072,80875,68717,68093,73808,69055,67823,70481,72459,63874,66432,67279,70673,67748,73141,67771,69451,66072,68150,64619,66848,69423,67846,71916,66612,71190,64892,70302,65809,68135,63605,72746,69816,69156,63767,72861,72352,69618,73087,71760,68984,68062,71604,68335,69435,64648,73076,72877,69312,65755,70763,65059,70762,65826,69183,69627,76202,69457,71814,69244,68104,67713,67279,66233,67680,67712,66750,67712,67025,71276,
6000:90256,84062,84709,82259,81293,89923,79611,83602,78206,87717,86511,90945,81438,83128,94345,84821,81794,84976,83087,95297,81909,86978,89099,86108,86301,82293,84964,89025,85898,79094,83740,79826,85155,82239,81288,81552,87994,84159,85280,88667,91399,80850,85832,83114,85168,81691,88057,90124,101285,85157,84820,86106,83505,82766,85443,84157,83275,80710,90372,86786,85213,82456,79347,81231,80581,93011,82780,81899,83564,86097,82717,85683,87045,88311,82517,84121,86515,84823,80127,84323,87917,79951,80793,84974,81524,94192,84246,88279,85577,83337,78628,85296,85975,85606,84593,86433,83176,84330,83008,83618,
7000:98936,106154,100731,98158,101375,105251,118349,99694,104952,103599,114784,114789,102114,111319,103804,102136,98118,105542,93815,104038,95895,103957,106900,109937,97024,99775,98268,103667,102000,97570,98783,100032,101889,96731,103882,105572,107431,100646,105169,105275,97984,98827,106071,101447,101498,113817,104969,114240,95145,96311,102846,98897,103293,101347,105142,100795,106319,98667,98309,103713,102419,100762,107953,100492,100164,106197,99611,101658,98996,97501,97843,110911,98070,102855,99783,98245,109197,95880,102138,108989,104120,100203,104348,107190,103073,97733,95383,102038,105398,98462,101596,104498,102721,104092,97201,98655,109732,102101,97063,95437,
8000:120743,113297,116340,120774,126047,117297,124343,124337,116991,115096,126959,112435,129855,116479,118665,111617,115674,115285,128709,126486,124069,125710,119213,115632,128766,127332,119664,115736,108735,117573,115776,116472,118920,127617,115464,116048,117319,112566,115072,116200,118607,115360,116735,127844,114618,112928,113394,121015,127899,114995,133733,114914,115682,116799,114534,122201,113408,116742,118239,117223,121002,110154,117256,116324,144468,123684,114019,118239,123609,112536,122873,122925,119808,118707,118540,117280,115091,113954,120441,114539,123002,118392,119199,121935,116038,117821,113302,115583,114049,113938,117555,126890,110553,122296,115936,119730,114391,107828,118665,118058,
9000:131387,135162,133322,137715,129019,130939,125797,138382,143591,138644,132710,132773,133199,127614,143829,140531,133960,130460,134693,148643,136893,127294,132826,137650,130353,146922,147499,130402,129688,134249,137557,125693,144396,141441,134114,132122,132433,144972,131022,131684,130317,134056,128481,126213,134620,130348,137110,138362,137138,139092,141801,133396,131907,134941,137280,127898,130937,135942,131645,138851,131963,126974,134182,130242,136653,130922,133796,139096,140933,142544,139791,134269,133271,134429,139119,132621,137417,137262,131331,128897,128859,134573,140834,143488,134222,128568,134531,131198,138343,129460,144997,133255,136324,132716,136761,139181,142181,138706,135709,139823,
10000:153176,141697,154111,148967,141260,150974,149003,154262,152764,154725,147736,157023,150619,163249,150434,152539,143226,150716,144959,143873,151232,146378,150656,143867,146491,150569,154036,145871,166221,153825,148811,156974,156395,160135,157614,164593,154517,146437,142705,146166,143710,156367,150219,155042,155225,149571,147704,157565,170525,153863,151675,153371,150114,160195,144458,146810,145496,151328,165313,145545,154422,150781,153981,144984,149328,147516,163233,152305,146611,140360,148742,154322,149108,157433,150932,151279,148992,145239,149038,157346,153001,164197,154873,152222,142983,156216,142708,152894,147757,152901,144397,145052,164775,162096,151660,144965,151181,146644,158711,146211,
11000:166873,162781,169418,165107,163698,162703,160086,177296,178910,174134,179856,185243,175097,164015,171194,173592,176617,179711,178819,162007,170300,172377,179550,168376,166806,161443,174333,171714,161137,162047,160408,166082,170408,165856,182058,165851,185679,167355,159749,162931,173272,156959,170026,165472,194387,164700,177931,175973,156868,172259,162853,171395,165495,172117,164658,188784,169934,167678,169912,174049,168784,171771,162965,168247,166963,182873,164142,184479,195560,166295,161019,164956,162923,165391,179790,176077,171196,163767,167603,175216,181183,168881,165769,166621,177733,175323,177136,170570,162353,161222,162487,160883,168427,163750,166093,165167,176957,161801,189022,187282,
12000:202434,190740,192704,189508,197319,202536,206302,184911,195078,183108,183127,194634,188497,176772,181267,199850,181198,174126,193064,184099,181048,194921,187128,204342,188183,196909,182794,186822,184437,188136,182728,192914,194623,185087,185016,181774,190521,191478,186808,180576,186393,188352,179751,177828,181952,178943,181438,187569,183490,195452,196768,183887,189217,185166,183753,182023,184894,180081,182177,191133,178943,187409,185801,183070,187319,180511,186660,176633,179076,192050,179515,191358,194813,208706,185791,175584,187393,190145,196856,180909,178444,179487,189796,186947,184365,191128,185542,187799,187851,179486,181260,185189,192994,196117,183281,181405,185940,178934,178081,179269,
13000:208045,198848,213781,212771,205039,210120,217974,202720,206169,205902,227869,196156,190312,209129,196199,200982,204780,205312,226621,202644,200665,202342,217099,203571,194902,198195,206905,209705,202075,193433,193847,197735,203128,194771,201011,192111,199284,214424,209348,201049,192681,194003,199726,200955,204362,226301,197897,198101,201393,213507,207686,204802,200867,206005,199655,199800,205611,227302,211010,199887,208306,198721,214732,202198,209050,200212,199614,197913,198514,210485,197042,202695,195542,215869,195036,208893,196459,206835,209218,204375,214360,215217,197940,205882,203138,207284,205719,204805,206725,202677,196892,204957,208954,206648,217495,198593,210315,209654,200722,198820,
14000:218161,227579,208995,215050,248550,221205,213944,211621,215149,217513,223023,220189,232389,222780,236845,245377,217241,219599,224781,222133,226089,217581,229343,234560,218017,220338,220307,236141,226658,226995,209293,223333,222688,215716,220908,225733,221428,222947,229398,236072,225827,233516,213579,218698,214226,221956,222734,219641,226277,224597,214628,216523,235592,217256,215182,213308,223738,233252,220765,213961,215940,222832,230569,214508,231165,239357,216002,216533,224184,239959,231819,210887,224753,214179,226072,226335,234310,226314,214918,215343,221580,222431,235258,220114,231768,224925,269554,229255,229352,222752,216749,220623,216735,216322,223987,228485,232391,229773,225597,221093,
15000:238804,248997,226765,238358,238800,234421,224571,228812,230387,241662,232428,255237,235243,226957,236137,239440,240421,228293,240733,233517,233224,235556,250756,231753,228372,232444,232405,235045,227812,263267,245236,233257,228253,240280,245053,235514,239266,253980,257553,228286,239189,235691,237441,231777,240040,243418,225902,244984,225114,255308,223779,241247,241432,239568,245367,246362,254677,240004,235862,235556,240948,243383,240485,238212,234029,269467,243006,234557,229473,235158,227760,247575,230772,236123,232602,265227,255084,251826,238133,246203,247785,234891,253759,258733,230468,237138,242746,249857,251539,247612,220988,232526,249921,241129,237104,234676,237920,229218,248936,243608,
16000:253786,252267,263728,256391,255390,242846,259445,267759,278739,255382,259644,265470,253400,253004,283787,237583,244027,247369,249001,247432,247490,248743,264458,244117,241097,264810,252641,255265,256056,266169,257669,265361,246927,260558,261457,245411,269783,257538,260148,267444,243383,255062,260922,267263,251757,253073,243513,255217,263315,269577,253640,254126,255366,272518,249201,247456,258018,263103,244350,256415,249259,274247,260512,255572,255833,247927,255261,244615,261083,248097,265447,259451,257723,266746,261553,267247,256784,249338,271591,259655,254469,267796,257190,257290,247081,282784,252076,264720,257961,260893,246711,256806,263937,258246,256043,272308,251479,274976,255631,260112,
17000:267773,270859,279415,284410,279851,271303,276474,268363,267446,282834,280995,270106,288906,285434,283642,272172,268420,274711,265610,274834,269888,280683,267568,265337,277088,282556,264719,282449,271897,278780,281458,260764,268812,289462,267552,265307,278497,283947,268658,269104,276874,263942,265159,269241,271165,271762,275722,267878,290616,274893,275737,291664,276364,291451,279050,270526,264357,264548,290460,288377,286013,266591,271358,309019,291970,303292,297811,270341,270883,287583,270820,299293,274059,268022,275894,271040,287932,271264,273574,266728,269655,280214,318237,278851,289381,262382,277918,278882,272123,283017,273442,291608,271422,260969,271235,280381,267671,259920,279980,289990,
18000:307242,284462,295547,320419,300679,319337,304770,280398,298844,296096,300278,292686,290147,280513,294770,285402,294301,278100,291574,314946,320698,296408,307906,291757,326728,295631,307988,285816,300691,290422,294466,300228,286705,285498,288005,289524,295028,299354,288121,318777,287802,308861,300052,282575,302832,300956,298811,292889,284166,283313,296110,303256,305789,294758,304950,292010,295328,277468,292342,300098,285552,286557,282639,277007,320393,329025,302278,289533,311193,286433,298146,305461,288991,293185,296695,310957,306830,291499,292403,285706,284287,310503,282773,302246,279479,293138,306976,305613,288380,309530,290555,289513,317823,282755,296056,273469,283500,294096,299892,287540,
19000:308728,309264,313577,303887,306057,305120,295190,312336,328707,299370,304153,318741,297502,323979,306997,289768,333493,318931,309996,302332,321488,315783,309280,303502,304519,328210,316253,309336,307039,308209,323990,314038,320608,303521,291570,318882,321135,313005,327940,318935,311527,324389,301986,307740,306851,304299,318141,304462,312029,317050,308412,294547,312066,304743,307455,321234,294355,298626,311425,306631,321472,322613,316006,317548,313642,311651,322515,309202,326483,332521,311629,313545,290026,324475,307557,292356,297959,302119,311649,299016,293290,308919,301755,325099,310043,306501,302010,304161,291809,305541,321246,305892,325041,329695,305402,306421,322875,320767,334759,298286,
20000:332064,346132,346388,342420,314871,333575,322792,325115,344646,316566,323361,346763,330098,323080,331299,315947,362444,314973,339538,351157,326705,322130,322744,347723,328844,316305,325265,325958,319192,347530,318492,329700,321325,334964,346176,344957,324853,327327,324004,351247,310921,317582,324876,315692,318764,324397,350433,335158,345457,340359,339139,353047,362152,324442,322867,324957,346886,325805,320476,328038,315962,321494,339015,333253,316875,336303,318381,320926,325533,338194,335492,334462,323216,341008,361333,323599,342296,354388,334415,360323,314869,338545,322992,323124,350701,325873,338455,319364,325867,352564,324496,333279,333511,334302,349882,322159,346189,319169,343089,335868,
21000:338501,340957,353963,375132,340513,361008,329699,350622,346882,359635,333826,363681,353667,364406,342802,351923,342540,336686,340910,359520,347902,340718,359157,341526,327960,349297,394439,367952,357243,337396,354584,343004,333920,340630,339349,341790,355842,357509,359573,343293,340405,359424,344502,337905,338282,360220,343829,369375,334483,357221,365009,356999,335442,346644,342840,335215,337192,328294,334732,347259,333209,344425,369754,355524,338314,383778,348361,339184,340712,341939,332582,366988,338082,333179,341492,388422,353048,365467,344288,334771,340179,360936,360012,329089,339823,338150,358621,356765,341216,363174,344862,347130,343797,355920,336622,358640,364843,354641,347965,350454,
22000:383102,378234,364839,380661,373380,371318,352345,379497,386120,382579,360392,372180,357314,398312,381752,378866,373628,359229,360649,385864,359033,363329,377003,354930,379740,398778,373797,368939,355969,388017,362087,366618,382190,356829,375462,365483,397700,373049,398657,393037,363695,367557,367764,381363,377806,375823,365489,357259,354166,354989,387349,359220,368740,375459,357026,353983,365306,371396,372462,370669,361969,360716,369271,377804,383376,363196,377523,358875,373294,364525,374252,358192,362518,355612,381574,358445,388084,352557,369393,361833,369172,374068,358566,361769,370700,362401,357625,365954,377879,360382,363479,361901,387945,354759,392898,410097,355890,345545,365932,355763,
23000:381360,374910,370081,391712,380104,382869,412850,416029,371846,409417,385829,392869,384534,404397,402748,395739,362934,370792,398306,382408,399619,375285,389484,399260,388146,385175,381546,400190,393668,400775,407336,407585,392872,371501,398387,379627,381117,415046,386948,394374,381515,379220,404713,404659,381093,391970,407692,402734,398411,389977,375170,425311,403846,399995,376148,391699,375294,399199,386476,406376,419313,414484,378111,406517,378811,377552,423091,377239,393451,407107,376188,393101,383533,377697,383221,391035,401034,433682,369418,398057,382752,373121,394417,385334,365725,413499,409498,404780,379366,390428,376004,380976,385216,383103,389962,383329,379060,367344,376832,386126,
24000:415323,445235,405570,394412,433830,383976,406314,388396,407344,395015,414189,403739,405904,427017,397089,395377,429729,395750,403194,421853,403118,405579,391067,399694,407757,392583,413837,405565,406978,414401,444344,399031,424307,428084,411577,409839,434185,389939,378918,398715,415912,404968,406406,412013,398282,399441,388041,415346,417781,408663,405760,400514,435557,436550,389899,406163,448176,408891,439337,394516,400508,423094,413282,409638,409299,404432,394433,439181,405752,397098,443523,420799,423623,403368,433157,395869,395782,446156,409827,398754,402999,425082,435253,409388,382394,428513,383037,399753,395147,412648,417325,424543,418557,402127,409009,411964,438652,416235,398339,418798,
25000:443926,423440,422629,422226,419647,424536,411458,420432,440924,407226,443104,411063,436901,435577,474576,417140,445866,422755,429472,457130,447453,413534,427921,419420,416325,420009,424426,441852,420928,399734,410561,426287,444879,428317,471253,425081,418473,412738,400777,424249,421800,412532,428292,426254,432851,439153,414144,420833,423258,417108,435787,407541,412359,421165,429679,419165,408276,422294,414378,410662,419236,421032,453826,415313,429770,423301,407845,417612,419018,425223,448177,443072,427912,410249,437884,441916,444025,415778,416224,430856,408768,432885,460719,404859,418142,419689,415614,451935,419951,452484,404802,443046,433481,425842,418787,448676,442184,446360,430677,431689,
26000:461361,485507,455286,442679,438100,433425,478474,433162,428772,441425,426679,414992,436078,440030,479360,425552,483242,509309,471728,449531,454869,445633,461054,425660,441186,440664,439938,443238,459899,483102,462482,431771,459138,424578,431250,461501,443056,450612,428973,421398,431064,432627,437762,426125,436949,420441,442979,413854,461180,449359,478887,456089,437405,445439,455501,435772,426406,451711,445698,444535,428026,437398,423774,433039,431655,468956,468674,456625,454500,436274,444871,451559,425084,434353,446272,436220,429822,451675,413202,440678,470850,426511,424073,457387,423576,472418,435187,433637,453869,466343,446901,488237,439112,432107,478303,434933,466327,432472,434351,456953,
27000:495503,442061,494261,468962,458967,477597,520907,471948,493713,546857,462691,464181,460225,451183,478156,491304,464377,470226,458011,474559,488279,448102,460271,487634,445056,454626,485187,449871,448416,451759,470533,459121,505377,451360,456826,456369,475224,449931,454659,452640,489748,462744,454848,468047,494963,452660,464565,466216,446572,478613,471537,469323,459974,494686,466270,450372,476542,471993,476979,476904,468562,469070,457990,502593,453849,464787,437925,447420,455345,515751,463037,453310,500733,457352,450724,442726,472852,467266,445019,465501,481721,463331,456400,460967,457428,466363,456322,460751,456913,495572,453093,461488,498137,457134,452463,480189,473982,476717,473499,453300,
28000:481015,467663,465739,454298,479497,485746,483756,459505,485672,503659,464116,474593,484933,493493,510924,468124,469194,493534,497335,451197,465518,488654,473923,498849,472839,483334,498191,548028,477371,506409,490855,479828,477635,497823,461247,492226,484793,482371,482223,455573,493423,480956,486803,486454,530550,460431,465616,465498,496880,487630,463699,477125,472313,483510,487972,463799,502753,473336,494461,475334,481205,509672,487363,469445,484965,496425,465338,487131,466281,469787,478262,485193,469391,457144,523369,507424,468998,480473,467445,480100,460582,468313,484513,481804,476647,459221,469802,495862,472796,485132,455781,466915,505350,487051,484945,480437,468027,467176,476122,490457,
29000:510989,493666,518790,510176,476544,495005,505552,498318,477389,518028,514702,499888,479118,499280,522961,503337,552887,510060,539239,484816,505372,512860,476827,516500,498034,484909,524439,489465,489596,488026,493785,495081,479046,485519,512348,491792,504091,495407,503995,497219,497397,509776,502557,513880,477095,524810,495214,482330,487966,466085,492489,503665,488532,491002,511696,516170,503937,483373,497046,501545,521217,520092,570014,520658,505902,519956,499151,484660,523738,512212,503043,514051,499266,505295,487989,490731,486899,522013,528622,491018,512995,518096,470315,503366,502112,494173,533053,487794,551764,496729,478724,485839,512844,515058,497015,525974,492423,485648,512019,500012,
30000:529493,528788,519367,536131,529921,531628,500920,538352,519233,560174,514760,529865,540235,522422,508982,546828,537514,534090,517469,520511,511328,577405,540415,549698,509423,561861,516783,539394,542688,488691,504545,514421,516313,503599,494859,523199,535416,531451,536694,533224,518998,516885,516945,512928,588510,533965,512523,496885,509547,542691,514685,512514,518699,522593,582861,586059,519517,519388,536570,498777,534512,515461,530304,524855,536598,513464,531842,497828,501435,486989,513829,513777,495847,489275,526978,511092,535780,493972,527778,509875,515117,499435,498616,490661,538951,506931,561212,522197,520337,515167,530649,505467,524634,552120,497936,510807,512616,508166,522732,534810,
31000:569552,530856,569736,525995,561628,539735,550237,524679,531002,542751,562028,531379,531927,532315,582328,530085,515850,531570,574983,576038,567016,555388,534922,520755,517670,534650,541754,547867,523506,535714,526640,549899,534873,555431,556757,530452,541040,547535,562758,536395,551097,551918,523708,514829,521825,517327,547056,520750,532149,517819,522442,558726,607758,519892,550606,525606,564216,534337,533001,536863,545696,561032,526911,545800,519427,530697,549629,507775,543353,542162,548581,554869,536006,519517,523976,517259,544042,543996,534246,529579,559686,521138,526921,518114,582844,549027,535108,532877,555035,561281,547142,562516,505899,528001,544304,528406,549315,546325,564622,513798,
32000:548766,562035,562158,559972,593636,595470,569631,588332,565547,555509,562878,588719,520561,580736,524871,536375,577478,569474,535558,598408,595665,552694,567765,544185,552181,532287,580032,542299,578971,564330,539248,569003,548648,555556,551148,569640,562108,580546,540870,548735,574684,565901,532626,579842,547292,619061,567673,549618,539657,557907,549652,529893,585246,551816,551145,563196,571457,557131,593239,613010,554481,552455,535015,547410,562778,580728,570070,586270,562035,544113,558606,575704,585375,549008,571919,573498,543277,562480,525161,555046,589963,598252,567713,530062,602454,561964,546117,537125,573679,572291,556068,567139,559816,550054,563528,584056,567404,538471,525147,574043,
33000:579651,572199,561982,597600,591246,603422,580382,570118,558641,549387,600743,583370,554523,575509,560146,573331,589446,601336,582523,568843,597398,574919,588557,593625,602867,623066,578774,615453,593468,593141,558324,562690,562097,606098,620878,542697,547347,571083,561857,586608,589353,589803,572973,562251,599984,576994,567102,571882,576485,597892,558299,620297,610074,588965,576029,571623,609832,571059,559186,594877,553531,613944,601454,560527,568538,592789,586852,589279,588428,574635,605923,588680,574791,551661,569831,563205,566215,561215,570526,645715,612584,599516,562274,565380,592218,633166,558877,565164,548347,583505,580666,589412,580657,575250,578607,577449,592513,587608,576550,578565,
34000:714211,588304,622272,630325,576149,620536,586095,605041,572008,595761,588346,601087,596486,578231,583198,686193,597099,621315,613001,593898,589107,642265,608642,597689,663529,650150,603679,591157,599317,587871,593687,608600,623544,595252,563518,579248,573774,583602,585626,580288,578760,576189,635993,579066,596620,572775,617020,606552,576134,575971,601081,619061,589797,644062,612986,611190,587962,573714,575529,600878,578343,602114,619463,601962,626124,587261,601813,608015,621629,595027,618852,593245,626983,593877,607359,597560,588417,616102,634523,592812,614886,609405,685430,605027,564047,603265,613666,593936,598310,684157,598915,581998,569713,590677,620190,569658,628968,623113,592279,594680,
35000:606546,598367,622223,637033,595527,617556,646247,632625,626635,599578,604752,611539,589996,604510,614933,609878,629769,656288,639275,629382,618763,619087,627904,604273,621936,652400,634308,600440,612475,613819,611223,665522,631752,583315,642702,598483,591342,591963,653665,624231,612362,610851,615574,645332,607763,609361,604756,609874,615397,578806,622036,593655,599311,647775,625925,575967,626904,583947,643663,624093,591895,605458,649393,624227,604996,618971,628912,638759,631670,606597,631989,613882,629113,616760,631165,631355,623367,647087,606868,594021,678777,606190,597940,593554,643903,633576,613574,612021,652769,625643,612304,600695,624837,592732,604682,588737,632673,583824,630788,594896,
36000:634903,610695,644129,658391,629260,652340,709984,626933,682073,651948,669087,651362,663275,640425,653325,666234,619669,634139,675417,658644,613578,638967,677346,657854,606580,612772,654449,640170,689126,646681,658475,613093,664647,663728,619847,609732,643297,649523,746942,645693,617484,651256,646947,646993,642769,649421,630349,629454,673909,647833,626902,642246,630289,679106,611556,665008,598871,653693,629651,641298,632636,644277,640896,645273,651333,640796,644012,627355,651508,632698,648675,635552,625220,624035,645871,649146,640060,651705,631436,629246,610025,688771,687840,627643,617867,640753,642301,633183,628440,646818,657388,648988,615822,690738,608679,602347,666065,606625,622493,623315,
37000:641142,699085,651398,625060,634401,650661,641068,663088,723739,623065,702092,665280,669455,689444,712525,658012,642687,667144,654526,690957,658058,689156,669857,635817,733630,711901,660146,639351,687272,677227,667481,661984,619543,678525,701935,644041,646755,636502,663449,667411,707090,687089,653061,641938,634390,627178,693120,678727,666142,654440,682862,661599,624509,670409,635568,641076,669882,637936,643536,662017,668202,619950,653482,634291,638457,629790,658319,627591,671712,642789,641135,624333,673747,682661,701171,654875,653410,645426,650858,713105,665334,651906,641839,627961,626938,656542,679234,685420,653906,666430,664370,694354,658864,646656,654428,709391,654646,641829,626336,659303,
38000:655096,669144,660067,682652,662832,658269,671200,672627,674638,699174,668727,707352,717582,670504,663759,653743,671377,675466,696630,666932,719591,669663,691075,664687,690547,695967,687825,688147,692203,717409,731668,672552,661880,661375,678433,751635,723061,725520,644933,660832,649864,646370,689869,717052,679429,779758,686857,714338,681173,736082,697357,681598,677944,658527,650467,668335,696753,643359,669217,647519,674543,687610,660305,687114,692470,656808,683036,635611,685674,710022,683454,673668,730197,664555,684243,686886,675835,681935,651966,670629,681311,687747,701352,714735,681275,688374,685449,661875,663948,670823,682998,663155,681711,732000,673574,650882,726039,662003,707751,651388,
39000:729880,690243,687811,704203,690782,699438,736339,703547,712304,684305,690776,689264,741443,671883,698232,677569,735083,696808,684938,713838,676117,719830,675826,675438,707175,668638,725843,681065,722491,701500,689257,759182,693008,711077,688126,676096,721623,693955,694802,730630,699557,683840,713344,710504,723827,688398,721347,681418,699020,683033,683712,769957,705842,720469,720148,671209,672228,685281,757263,684535,724535,701756,688223,744809,678537,701663,725465,720045,660226,713114,696357,740042,691235,681773,687404,708622,674366,689937,730938,687202,717605,689231,670003,699713,670731,717556,686873,684699,682022,680872,697085,701950,666382,688519,783731,684411,686391,682070,702461,752955,
40000:678546,730070,737637,763147,695426,773041,701451,724850,709920,691906,773330,689131,702581,740005,694707,697189,701970,710030,710382,691041,709965,724741,672578,796147,733028,799120,710477,714600,712612,699849,726242,693382,712587,691750,769286,754086,709836,722782,748682,715397,711040,703217,705782,699821,740856,704082,726533,777790,717605,688451,759612,711478,734442,714163,685825,735319,700188,708207,715463,722282,704489,752535,735828,728696,700347,685936,753789,726157,730036,703849,693817,733489,737540,700696,728620,687885,703250,764274,780181,716054,703417,700660,729237,724717,699248,708330,686012,703503,701283,686119,709730,717771,704517,735646,714845,704443,699310,719543,675593,705775,
41000:742035,711008,750993,740869,733937,703881,722200,761455,783842,727105,714140,738251,733138,745345,721126,767487,729167,714595,763861,691235,737013,801254,781950,711370,776588,760672,745314,720837,791075,729149,724218,726520,757376,706483,731259,768621,732912,755813,766592,740255,747557,727150,761649,805945,706237,755901,727179,748517,744801,831899,733899,801047,719996,754269,775292,710802,800448,779011,761778,721723,730497,768095,720413,759279,704076,759876,728680,761548,757287,752819,709118,736382,700762,696983,771158,736977,709172,724611,717291,790367,744208,726144,737842,727162,752864,751466,728396,719635,741719,732313,741152,716662,738835,776258,738871,747152,732571,697946,773076,728640,
42000:755693,766326,800367,792273,725580,738539,742023,795728,773136,753793,775246,754101,781237,759190,774494,792798,745341,741521,741850,766820,745239,746393,751616,773728,793790,770533,796305,738917,744369,739586,756596,769053,770827,762599,761779,747992,713299,770284,762961,777187,801674,795406,764831,790248,749434,768523,742420,737123,735793,827094,778332,747460,822879,776850,746968,762026,732108,773939,748228,696422,791278,724836,746167,742981,755026,740053,756502,725665,764868,741245,754080,786216,751238,790149,750044,777317,775404,720233,804962,854082,777484,759923,743227,776595,733251,730885,802289,740733,805643,764201,758282,821319,775370,778952,726250,731690,742442,790498,709176,757929,
43000:764721,840806,813627,760779,793810,776631,783001,785240,738987,729798,767726,761235,775201,873132,764264,766385,812913,722508,787076,803346,771245,777083,758511,836767,749089,745042,750547,753658,796696,797081,822215,770371,746307,771016,763989,844318,799764,830860,827045,828993,792917,781421,760872,774075,769648,766770,758369,783610,803920,804906,803960,853309,774240,783801,777600,832395,765101,809381,770656,758254,779153,784595,747509,759462,848803,750010,806031,777375,777248,823301,798657,828007,796683,783428,766768,816762,836115,812001,780287,741016,809991,789090,783425,735762,816772,763672,804201,796640,755272,736391,773235,777002,761471,743955,801919,742752,817091,771904,743987,795798,
44000:843782,800550,816884,818782,783221,825782,782651,820770,765612,808370,775793,799615,774276,796353,761782,796631,775370,807410,814107,787646,827311,803862,785875,818871,860705,777498,778511,764242,818539,803798,844913,769620,808442,772768,754540,807369,779833,807234,789293,793999,814687,807336,826189,832944,777240,780550,749129,791896,744097,772894,871408,864069,821102,761994,793123,794608,790199,771259,791891,788300,785203,798377,869829,801460,837228,812192,777493,818288,813493,816346,774808,782653,778072,797760,786918,800382,817291,808543,824553,791143,798857,773321,781793,805344,769485,817821,779463,771854,801230,902294,790642,794272,784156,785818,811480,801376,777665,795061,783648,789640,
45000:811381,806440,795824,774020,793782,935708,773345,823802,847339,803476,811217,806758,824740,839021,812976,802832,798749,803142,797846,843221,792945,790182,819523,837893,821518,809381,804337,804533,780197,812030,846647,826624,836582,830230,788913,813604,848198,795734,812586,779559,846834,786006,805146,845642,810809,837880,810535,863032,811537,807555,827320,815063,828621,769631,783365,825606,849256,842341,858188,777023,819569,837662,807875,839823,840058,787211,820646,813449,878947,843822,836929,781087,885834,812239,815640,855430,809161,833787,858862,859874,808540,851098,810025,789842,846968,791841,814503,818282,781207,810109,848061,837123,809985,807415,812060,868905,801785,788043,798087,798227,
46000:853918,815889,856428,817022,868843,809006,838039,851804,801137,839067,803912,930993,851582,840049,817316,833997,837133,861844,841144,829642,837332,891917,843928,851652,857705,853478,840878,965843,836635,853972,793202,825544,803319,820175,837041,810871,820783,865639,837166,832909,908823,840587,811308,826391,834057,831118,811813,834809,821933,795177,804201,833982,808357,833498,849766,894609,845593,846828,817078,878897,846100,853284,849826,837278,806859,816664,809564,854303,841807,836688,855595,857712,868553,839298,805201,820364,873897,847108,834476,800169,807484,823015,849217,788331,843901,876639,822559,849601,880346,862900,852615,823239,821216,847070,806993,877416,808196,897493,859052,840631,
47000:877544,827920,827110,856969,871068,895680,851190,921905,850756,858783,848604,840567,840675,885086,821241,859909,926918,866051,863076,862367,883639,858346,829912,848656,821797,884698,865306,855398,894740,872230,841667,938480,843005,864327,802335,882886,849595,878731,896160,823441,893433,880895,879714,863674,889696,876018,877832,846191,848076,862551,864446,927507,833162,830722,857632,830115,877767,861780,833086,845837,851201,860222,868394,859958,890321,872973,861441,932644,933221,872662,912545,874483,884152,902135,863233,808116,859429,830063,822230,834728,836842,833152,913831,858842,858777,843674,850437,881480,839930,871095,879970,842048,907066,873732,845579,899819,903507,861127,855108,907284,
48000:912346,842092,837668,960235,879275,909182,853451,863622,878848,848954,869272,866533,880579,832667,857471,874937,871750,869683,863884,972682,828539,957268,853568,887092,855193,925934,909944,859436,847641,892841,883671,886275,841770,914220,883960,876851,917717,847224,962716,894933,837825,908128,872079,898202,851048,859894,880543,911790,882123,890555,845695,890530,828214,856638,857468,901956,852861,844583,850895,920367,877121,891978,861548,832584,941428,920014,864708,884300,863889,855544,878935,908896,850577,905289,899068,861179,868931,864355,900723,890016,851655,908948,907011,857683,867649,902195,881245,895779,916234,885729,882809,890418,992837,866054,850278,856811,886841,882481,919664,851702,
49000:860666,884705,860183,892256,872451,915788,885166,860803,898921,911066,922997,879882,876322,909479,857068,877638,933297,908743,889997,902582,934817,866648,972950,872217,896250,871818,866264,921093,955722,909346,923400,909385,883643,944509,885190,987781,926216,923916,944220,948533,899106,1013074,866039,936922,906319,882878,903289,887457,958584,968428,909290,895348,870940,951877,881271,956166,886472,876452,878950,905105,898560,891052,949564,909242,893091,873695,911161,863057,865773,912499,875967,919757,910853,888808,890504,897205,912787,973234,883493,984644,913066,910479,875903,897577,895188,870424,887734,898636,937051,905599,943982,891104,869259,901935,894683,884783,874823,936173,872484,880939,
50000:984269,899506,891487,992818,916396,916588,928168,896310,905180,932738,974916,967219,943018,857596,899659,942805,1006478,969433,910614,927491,931458,922657,954597,904700,916820,1000291,892763,979004,892237,887552,910573,925714,912518,912029,889134,978926,909484,923849,937672,920371,883895,885409,916649,946837,900917,903623,925545,892426,901528,871287,915943,905582,943988,898969,961827,891957,883446,957073,894934,901881,914900,955853,978809,939930,954099,937331,926731,1021559,922430,930910,971361,973438,883521,953134,936178,918164,897976,1000236,911476,930231,939073,881564,952184,920368,931524,986455,1026259,964188,880411,891132,896113,916526,959233,890396,931032,878177,878047,931368,963293,925357,
51000:957122,891022,949453,912245,929989,913204,931385,956187,971574,921686,955454,942491,940131,933357,913016,924127,955416,877981,908268,910924,943238,919911,910921,937762,891697,955570,915613,976338,944838,930977,1005446,949481,939453,974842,963070,945310,979241,940231,983774,938419,1018119,910969,911591,960796,980121,915132,978166,967360,930700,916071,927919,896757,893437,941978,926868,1014753,939825,915846,959223,983182,924807,939870,932454,933327,1000694,985775,916619,904325,931204,940591,955676,952966,940941,960810,919444,939569,957784,988672,968615,922171,890754,912580,917049,1021092,995060,898716,957066,977872,935768,986750,913070,926815,919756,958224,962972,925787,917281,935540,940523,912550,
52000:989472,936673,962567,985135,1042658,966903,1024546,930654,940862,941757,949360,979603,930097,994416,925526,946831,1029823,923418,974529,959479,955974,943214,951852,982216,1012129,993281,959817,1021961,945718,965082,946976,1047783,940620,952413,980832,970193,947677,945706,933439,955290,974979,1024234,1009312,941538,963944,980735,947790,942734,995792,958241,1027464,967332,998432,958813,1012158,951188,931820,960550,1014928,931441,942639,922547,970210,1002812,971367,949051,966582,958174,1030146,1026222,962460,1009450,943615,996745,938423,947100,991619,964811,954651,976406,927102,941841,942132,994211,957597,935216,950083,939880,991282,1018069,936498,933785,1005189,1003239,1007149,1008126,965838,985880,954223,978739,
53000:963650,1012894,1060793,977192,971865,966999,1058121,1003237,1022987,1053577,997720,1003285,992804,958664,948581,949670,973702,1002362,985124,999375,1006441,992665,1041845,954902,977882,946798,987694,911208,1010141,952608,990753,1002428,1007580,970571,1018737,966948,970770,987786,1039924,1024551,962383,946923,1050855,959012,1006913,999962,931936,985890,960673,998145,974713,985771,970443,1004500,978485,977334,981706,999820,986535,949892,1014555,1005519,1049528,955656,1038029,939786,1047399,1065117,957813,937505,996609,996515,982089,990639,995064,965161,982458,979471,1014360,948768,966182,966337,1039898,1045430,976724,961670,973945,972410,932825,951884,961434,995383,999474,960351,1049138,972547,970654,949170,934433,930123,
54000:953502,991374,961832,1038244,949655,971304,1001058,1028536,1049245,962086,1058873,968832,975697,1018866,974055,1010494,1003034,1039271,980448,981435,998241,1027731,1027614,1038796,1014459,1008196,968006,1037587,1030076,985692,1011149,1056024,977091,1058463,993459,1008346,986789,985856,979588,934434,985761,1060030,963013,970088,1022432,978372,1005585,987709,984837,1069061,978990,980561,1031035,1019993,973123,986884,1021723,1108281,1081731,1072367,980153,1028603,1033008,974845,1003167,1033264,1006326,953893,1025254,986298,1043156,1087542,999237,980001,999922,990501,1065160,1027046,932379,1055153,1010113,1058055,1034219,994372,991949,1000347,972212,973051,1005743,955686,1033584,1027641,1039063,1042587,1040828,968842,971963,1001293,1004179,1109213,
55000:998251,1021781,1128491,1032830,1001011,1025761,1074553,978804,1025164,1080894,992741,980681,1049265,987059,1044758,1029067,988476,997944,1059894,1045556,1011790,1056968,1067906,1026242,1014942,1046406,972190,1016630,1023238,1041047,1042885,993021,1038932,1022715,1024791,1004364,1084266,1014246,1006589,1013967,1065247,1055908,1076883,1079271,993502,1013970,977090,1020651,1009382,992446,1022026,1006982,950568,1088783,1093406,1044524,1043317,991694,996396,1057027,1030721,1069473,981408,1043905,993382,1016522,1017962,1006088,1001281,983344,995782,1008718,1047061,1041219,1026901,994336,1063477,1094079,1114531,1073474,1080666,1052124,1027717,1028910,1037623,1041625,963611,1007454,1028606,1113843,1006308,1058336,979355,980773,1016144,1030317,995541,1034269,1013070,1030783,
56000:1065958,1056192,1151540,1042283,996627,1076587,1062753,1043169,1049119,1013528,1014616,974724,1022683,1090079,992809,1067439,1109931,1090431,1004508,1008117,1082828,1008633,1098319,1064751,1051272,1011767,1116338,1061292,983512,1021450,1011969,1068413,1132276,1072286,1040540,1032035,1111938,1025391,1031618,1022633,1065274,1077893,1030979,984051,1020286,1070594,1098473,1030992,1045731,1027255,995382,1004585,990425,1045447,1110535,985258,991102,1083971,1047156,1046774,981384,1038118,1012879,1028097,1032371,1073858,1047992,1126535,1022043,1014619,1023467,1038437,1124515,1041162,1015458,1175497,1039185,1087781,1037750,1075056,986364,1064584,1057199,1036839,1075791,999601,1044383,1019514,1003885,1141084,1001264,999212,1039773,1025354,1066295,1089709,1116563,1047676,1133001,1066166,
57000:1047531,1051922,1111635,1128949,1094579,1058331,1026678,1042213,1035469,1040967,1040495,1046616,1052349,1058744,1054776,1079119,1058980,1042304,1074272,1079745,1031722,1047438,1065550,1013224,1029856,1039956,1051406,1102207,1018409,1007041,1063245,1069458,1081552,1117161,1189162,1130095,1050177,1033002,1106746,1095873,1034893,1043222,1040729,1028280,1022961,1128380,997306,1070812,1115746,1051639,1127578,1057410,1030758,1205018,1083314,1053065,1041275,1049245,1080163,1030926,1083039,1048098,1055432,1029325,1050218,1074791,1134999,1103314,1148419,1064884,1039065,1130285,1068096,1068347,1022183,1075175,1066871,1031920,1119057,1030220,1119822,1049860,1069713,1031838,1097460,1033172,1022642,1034353,1039433,1096127,1041945,1063705,1029006,1106613,1001543,1131265,1049408,1169383,1085337,1062733,
58000:1062174,1096021,1043518,1119846,1060050,1121240,1154013,1095176,1131790,1106023,1101011,1124658,1033197,1083785,1126159,1123598,1023963,1057588,1076670,1092599,1082050,1054985,1097918,1058413,1047159,1060639,1109098,1141433,1043499,1053341,1039402,1073584,1084781,1143743,1059851,1077657,1137395,1059430,1091335,1086921,1090689,1037416,1088578,1026798,1061528,1045379,1037767,1159542,1078905,1029664,1061830,1115018,1053269,1127739,1081270,1159049,1060754,1042529,1065653,1086734,1110854,1109269,1072132,1143399,1086929,1079514,1067328,1078729,1087396,1039508,1167015,1076722,1042907,1124805,1159092,1114558,1091016,1044664,1049629,1086693,1060977,1093942,1085427,1126480,1131869,1038895,1058478,1186494,1052076,1067328,1037779,1016390,1107114,1098935,1108260,1051958,1099743,1057959,1078903,1098930,
59000:1180618,1119949,1060418,1175316,1081142,1152223,1066089,1099915,1159264,1069936,1151499,1071494,1056051,1096862,1100313,1095296,1051689,1107949,1201291,1154535,1047622,1082982,1093776,1060459,1081643,1161178,1078425,1104584,1115667,1042357,1058093,1127183,1079934,1237840,1124469,1075820,1152504,1073814,1074262,1077101,1056297,1118461,1092787,1087450,1090528,1086640,1114282,1098215,1096647,1098168,1157560,1094008,1092683,1096716,1061751,1079426,1093851,1119727,1108448,1070333,1168837,1106361,1052629,1114559,1048183,1073822,1051136,1193310,1109167,1169523,1166141,1121085,1082311,1057518,1094521,1134787,1147188,1139821,1067673,1041694,1118774,1096643,1051893,1124764,1070164,1102447,1159411,1064418,1050660,1141835,1075574,1169659,1070527,1053641,1184675,1104033,1211004,1163798,1063774,1169790,
60000:1135171,1084743,1097995,1117644,1160612,1096047,1117647,1112442,1156001,1084864,1127815,1090536,1156468,1176323,1083914,1110155,1090476,1122381,1110862,1133933,1101395,1106636,1114776,1108627,1147478,1086943,1120916,1115800,1087597,1135309,1150828,1159470,1110564,1142563,1212042,1082838,1165415,1185535,1207477,1078318,1254679,1133645,1141469,1110133,1175622,1157413,1094093,1108439,1119420,1096450,1088436,1096619,1160507,1074229,1117457,1083166,1083310,1130896,1095735,1115193,1141079,1168321,1127978,1137466,1174008,1105916,1134937,1099451,1123583,1122066,1187489,1129058,1056803,1085278,1100736,1140731,1127537,1118519,1151958,1217871,1090939,1143742,1087930,1139307,1120712,1147934,1099987,1167080,1166960,1121841,1129910,1156190,1111773,1173523,1073429,1128612,1092039,1140595,1086018,1081176,
61000:1102148,1094062,1146711,1124112,1243878,1068459,1116570,1128548,1187547,1172475,1216236,1144233,1201976,1116525,1161354,1164393,1127756,1118523,1088622,1158991,1154607,1122557,1196321,1136121,1130646,1128462,1128242,1149201,1196079,1082243,1126453,1194039,1154528,1139115,1178681,1122622,1195470,1233388,1112794,1171631,1118982,1145667,1128899,1121124,1129697,1173552,1204362,1125705,1113921,1145332,1225861,1111015,1119643,1175366,1136276,1135860,1113699,1113033,1103396,1156215,1180789,1132369,1126446,1159103,1117505,1161741,1197683,1105012,1078226,1131440,1205883,1203143,1138188,1139463,1100668,1167614,1131951,1096334,1112800,1158148,1155677,1114390,1123431,1167207,1087890,1167810,1144327,1183673,1163219,1129597,1160644,1161337,1143849,1108513,1128384,1164312,1098682,1156686,1179295,1142662,
62000:1092993,1117534,1091799,1136217,1226454,1170353,1156254,1146834,1149988,1096326,1161426,1140676,1268536,1189761,1181160,1108184,1159161,1108119,1136749,1140441,1114414,1200701,1153588,1185402,1178777,1199612,1207417,1193544,1159481,1176001,1127101,1095589,1196228,1231165,1158825,1149936,1125598,1188101,1199068,1179283,1155305,1178623,1200337,1166755,1153959,1192110,1147573,1165872,1171186,1144638,1301375,1267414,1213740,1134629,1163827,1164916,1169376,1186540,1192011,1139352,1138243,1188410,1167658,1203120,1273085,1247520,1174747,1124349,1187166,1169629,1125630,1157108,1170187,1185474,1181267,1166417,1125302,1151283,1162312,1221228,1199372,1117669,1207313,1141268,1203691,1155238,1158898,1153635,1183158,1138464,1160154,1178763,1161762,1144671,1161884,1168355,1192272,1168258,1222861,1183883,
63000:1213522,1191846,1155046,1189496,1158069,1183299,1196501,1227216,1254040,1165474,1185869,1230175,1145751,1167446,1158762,1205466,1284847,1214247,1186997,1156256,1134889,1119020,1163681,1133465,1273512,1188072,1153171,1159113,1234972,1212939,1167126,1125567,1246055,1158099,1194249,1179609,1303699,1176699,1187527,1163407,1133340,1181659,1138876,1168460,1211029,1164666,1155976,1249045,1257710,1176903,1215765,1152554,1193271,1232582,1173870,1151431,1217669,1198457,1174414,1279763,1178725,1272237,1201262,1192722,1148446,1252143,1223953,1200231,1200716,1201377,1203442,1226387,1192311,1197409,1152755,1255824,1127562,1273800,1184665,1281513,1176412,1243294,1252062,1215275,1146989,1221194,1190567,1213962,1204168,1216934,1255462,1133967,1206877,1241185,1160034,1253828,1175101,1251307,1169014,1187140,
64000:1199930,1184339,1193780,1175147,1188416,1171085,1186587,1266327,1179556,1244959,1244786,1260612,1166466,1212925,1193270,1208698,1226528,1229237,1160390,1193058,1192686,1238317,1197492,1231094,1198155,1278488,1219727,1155140,1187185,1170519,1197589,1173034,1144444,1177235,1191411,1169159,1148163,1257604,1345310,1203149,1288850,1209869,1157049,1300705,1268724,1186248,1182661,1186669,1213414,1141237,1203061,1220622,1221557,1168322,1200228,1257708,1193710,1209218,1301352,1205964,1227170,1258064,1396153,1203823,1215285,1232910,1209714,1222212,1208488,1212923,1208521,1172823,1159817,1154644,1212676,1232973,1182247,1214759,1240036,1214391,1205801,1243655,1246659,1197038,1184027,1284249,1245354,1195429,1266730,1297418,1272877,1253195,1188656,1202702,1152107,1333263,1240762,1226000,1251558,1170629,
65000:1227494,1229331,1231400,1239136,1209738,1260431,1278409,1210157,1238656,1291236,1174071,1313970,1264020,1260801,1226787,1300915,1202460,1193698,1222844,1230899,1267152,1283628,1184653,1261360,1232986,1231359,1186887,1208024,1197398,1218907,1202548,1206953,1201276,1280486,1225503,1297608,1248885,1211970,1202778,1248972,1176438,1219907,1200007,1217887,1274861,1246952,1213325,1204248,1296923,1241099,1299706,1214311,1235626,1262822,1252641,1181992,1240191,1234614,1244327,1279946,1242388,1311854,1195741,1239475,1238534,1283573,1192450,1223109,1265481,1271581,1250427,1287095,1259228,1284689,1231852,1330851,1326548,1236375,1175507,1264781,1260916,1206594,1210160,1166323,1266954,1250740,1225241,1227841,1192840,1272358,1268919,1207736,1163897,1287745,1234281,1174813,1223103,1273512,1227466,1277405,
66000:1219077,1343028,1223993,1208600,1262876,1296901,1231173,1247128,1245685,1196350,1182076,1315912,1217510,1296105,1275060,1272871,1300948,1194294,1276988,1232646,1275264,1182174,1295401,1229604,1228344,1297657,1235734,1231051,1253152,1232917,1307039,1223558,1223923,1261453,1215772,1219650,1186337,1227991,1221030,1234536,1199464,1218285,1226317,1242849,1241694,1290618,1288028,1251078,1259083,1247738,1257607,1247149,1252590,1230639,1213486,1289603,1223278,1303035,1313767,1192323,1204739,1212209,1214884,1218242,1274439,1242628,1312241,1233784,1382488,1361059,1238169,1297759,1255698,1242723,1246966,1275872,1242148,1235421,1267886,1253995,1300874,1242215,1297165,1233900,1312259,1236441,1235185,1209857,1223588,1227172,1218276,1238981,1212766,1240938,1197279,1301384,1212906,1278031,1321116,1249890,
67000:1236161,1292741,1264652,1268638,1230438,1230328,1296495,1388321,1238845,1285052,1292714,1326276,1229408,1226828,1379724,1254841,1237851,1244284,1250935,1266728,1251445,1281278,1198902,1197999,1307719,1268270,1242562,1282543,1230734,1286471,1241137,1269035,1247956,1278665,1309588,1222778,1242944,1275771,1242071,1280576,1246077,1327802,1252564,1223030,1304088,1218029,1232735,1280147,1250383,1278623,1226746,1363109,1350363,1264067,1229401,1243765,1238892,1277446,1344397,1326394,1273841,1300712,1253384,1267826,1243351,1223069,1227953,1254985,1304166,1267971,1345617,1241100,1219528,1322124,1307815,1214666,1343321,1269645,1266104,1262265,1281985,1247690,1265328,1290436,1261384,1327320,1295854,1259049,1235279,1288202,1302466,1263101,1330187,1228727,1295330,1274172,1319824,1217123,1251225,1250306,
68000:1316824,1327801,1281175,1259846,1362819,1274385,1243968,1277598,1408366,1287635,1290898,1291723,1282662,1303671,1277122,1257152,1287349,1343782,1277961,1299142,1363943,1353847,1270778,1342186,1254291,1353669,1229941,1335380,1389721,1405752,1357391,1324662,1259036,1372070,1362140,1274973,1232915,1305377,1290830,1297486,1248903,1254391,1276508,1287441,1290953,1321404,1255242,1406728,1329973,1241211,1295581,1343831,1317880,1320270,1256801,1219822,1222614,1256854,1299411,1328229,1279832,1296460,1260116,1259125,1260307,1247401,1228053,1358868,1330694,1279020,1305270,1282400,1268034,1291354,1352397,1316463,1271369,1278734,1251909,1229705,1288154,1280734,1286546,1288909,1242225,1282306,1239455,1203316,1293016,1324257,1288682,1267353,1243800,1251200,1384664,1328327,1340352,1304666,1317864,1280223,
69000:1314394,1291479,1306388,1300039,1320283,1338559,1328173,1297469,1370680,1287241,1253951,1378810,1339930,1277845,1299861,1278866,1370224,1328326,1326683,1309941,1397828,1391153,1332465,1264591,1285640,1305824,1281725,1350380,1440616,1310378,1311669,1294014,1286814,1294996,1319501,1303212,1322982,1352502,1333699,1311623,1291256,1257757,1370937,1304811,1277725,1368510,1303969,1403415,1283363,1322616,1319087,1253201,1274662,1279520,1294445,1372723,1327052,1422615,1354208,1324969,1275656,1355054,1292044,1319105,1343789,1349667,1306348,1263338,1331594,1352024,1275532,1284920,1328790,1345881,1324655,1301742,1341868,1279097,1294370,1311770,1356488,1331914,1348578,1294335,1294546,1289448,1310789,1238304,1384138,1338294,1254039,1317457,1276799,1337337,1266264,1261336,1311874,1270899,1364688,1287020,
70000:1346284,1436497,1391697,1327049,1338214,1331144,1383104,1361861,1386992,1370405,1348929,1420806,1330362,1289186,1295639,1288181,1388000,1359607,1292304,1254634,1254694,1301859,1380583,1358517,1326107,1300272,1334406,1373309,1324012,1301288,1296250,1258320,1330020,1340285,1292783,1318493,1374266,1321706,1408294,1325246,1301438,1279993,1357980,1256379,1368258,1459025,1352618,1290626,1293909,1428365,1312055,1377918,1386116,1362580,1273116,1416489,1373560,1328641,1326018,1284605,1352467,1320314,1348253,1325546,1262407,1407155,1339021,1323086,1399866,1317549,1328409,1393530,1273948,1400894,1333227,1374763,1330378,1369493,1451269,1286827,1361800,1384807,1333862,1473315,1421262,1305015,1272665,1323468,1319739,1412579,1282043,1274773,1246269,1295556,1339498,1332940,1320812,1274660,1341855,1315055,
71000:1336908,1302771,1331989,1473820,1314880,1327759,1339405,1385520,1482480,1349565,1371464,1380035,1321018,1342412,1379661,1317707,1363431,1357836,1347367,1369085,1369345,1402453,1314758,1392480,1360674,1343387,1305427,1358728,1350781,1335077,1362102,1386791,1359781,1370845,1310000,1359332,1337467,1333396,1386754,1387049,1378583,1291816,1325438,1378537,1362378,1477349,1366119,1450639,1311940,1356840,1306139,1347703,1307769,1371944,1285891,1403235,1346659,1343673,1409875,1383891,1369175,1322776,1358613,1278725,1383137,1312464,1295751,1434380,1348947,1377042,1408002,1334152,1407802,1289734,1313531,1365445,1324057,1424982,1311017,1486875,1338408,1416932,1383272,1345902,1376876,1362957,1337002,1364207,1323257,1318776,1361004,1388128,1339238,1388425,1318433,1294288,1311531,1315765,1380052,1289432,
72000:1357162,1383437,1376286,1418980,1425092,1356500,1385052,1436867,1484096,1362203,1369123,1377288,1477871,1380719,1380258,1376455,1397650,1304300,1474468,1417028,1322358,1394005,1335791,1312603,1410682,1377978,1376709,1356622,1294917,1357628,1385810,1409176,1320129,1366409,1452080,1358945,1421697,1437209,1400684,1402726,1340508,1416085,1384150,1420404,1327062,1374222,1332818,1357876,1453915,1415900,1336637,1394471,1414581,1378825,1367027,1327354,1377747,1378041,1444622,1360326,1428221,1411556,1363243,1388721,1357607,1465305,1333333,1369927,1316029,1339904,1351638,1364638,1348261,1353233,1351426,1298318,1370561,1375156,1382859,1420491,1404737,1348790,1405434,1336768,1347678,1303959,1415262,1393977,1362399,1334835,1443210,1353567,1379439,1371017,1372606,1352256,1393823,1391111,1375744,1397252,
73000:1327873,1361634,1445699,1421536,1440310,1394405,1382381,1435074,1354261,1340099,1407303,1382172,1398216,1364727,1467872,1387557,1379698,1398499,1339671,1469091,1341469,1471792,1395440,1433419,1437813,1322970,1351329,1377625,1368243,1349961,1362791,1371986,1431095,1341092,1393253,1447493,1451475,1569526,1379496,1363424,1528242,1438686,1351380,1385725,1502739,1430026,1371153,1460399,1446415,1355872,1353830,1337892,1411475,1336477,1360584,1390084,1340553,1370588,1341361,1428252,1484103,1413757,1466461,1422664,1379162,1329109,1380588,1393338,1441242,1296495,1420823,1430692,1387904,1408567,1408736,1356071,1363316,1375763,1396821,1414367,1399818,1348718,1340509,1420359,1424575,1399202,1353576,1447944,1440609,1370147,1367122,1494723,1442837,1440407,1409141,1376482,1535105,1357828,1426891,1420163,
74000:1417057,1399859,1426391,1373484,1369876,1373409,1407196,1476467,1353293,1419275,1472310,1404637,1374215,1495028,1445665,1497308,1378465,1389457,1486285,1404575,1382903,1375105,1538187,1364824,1410693,1364765,1419788,1407511,1468401,1468308,1412113,1456977,1501946,1403548,1484617,1425963,1378346,1472208,1356626,1426398,1401414,1471517,1439869,1382620,1426541,1390474,1470744,1398893,1538635,1464442,1381811,1420454,1346124,1462984,1392042,1387014,1407435,1515293,1428486,1563654,1476233,1383238,1412233,1428603,1442428,1376791,1419275,1577981,1459429,1382992,1450742,1444649,1409136,1448853,1389678,1369399,1471479,1389393,1498122,1392071,1490190,1480755,1434169,1388879,1442925,1412227,1347826,1466645,1422716,1393058,1471282,1444493,1429972,1366977,1560104,1379898,1380098,1465532,1415146,1405223,
75000:1418252,1439847,1427467,1411799,1462238,1424189,1410298,1467371,1428120,1446484,1463347,1412965,1380967,1416612,1435781,1407239,1344160,1480852,1416681,1544491,1393830,1410641,1515170,1477077,1430526,1458131,1406521,1473185,1435022,1426513,1529423,1528405,1388158,1429266,1454302,1393601,1380853,1428185,1420741,1489293,1392238,1447920,1429068,1456009,1426687,1412599,1441745,1475024,1381641,1364433,1461027,1448205,1450439,1518855,1389134,1431916,1408867,1404722,1457988,1466109,1444264,1431659,1477158,1464259,1493714,1446843,1429121,1451943,1406302,1374726,1480828,1452889,1464382,1477908,1360463,1403399,1445266,1406547,1423417,1424920,1436442,1468405,1585512,1428151,1406570,1443455,1408045,1478310,1423309,1391067,1520570,1451813,1577216,1384018,1396891,1386604,1498049,1451093,1422972,1382043,
76000:1494179,1423149,1442242,1454870,1447625,1445884,1476083,1500411,1371509,1445852,1472700,1494541,1518148,1390158,1493260,1591944,1471945,1485939,1431414,1448215,1443799,1473608,1672836,1436617,1465825,1558364,1429435,1442396,1427467,1484728,1480420,1466946,1480405,1477976,1489289,1393972,1594443,1402280,1453896,1406620,1434275,1412655,1473958,1461913,1500054,1428038,1390877,1383319,1531015,1447829,1370254,1422593,1457784,1425262,1470223,1468216,1419412,1512302,1486056,1407478,1482263,1547721,1459038,1470988,1416286,1435541,1420868,1394249,1526516,1538292,1421773,1434191,1404777,1521301,1435588,1478368,1439607,1506006,1464100,1399817,1403587,1550795,1495780,1401505,1441795,1446353,1435727,1411419,1437988,1454224,1407322,1428056,1510306,1445423,1481510,1474483,1462302,1459559,1430237,1425754,
77000:1525565,1417804,1438976,1476026,1414241,1505561,1513744,1416802,1516505,1498892,1473228,1442572,1469372,1514251,1461363,1684214,1436479,1438041,1492931,1487034,1465023,1562585,1632778,1489604,1489029,1480325,1413440,1476615,1456563,1456108,1427555,1494817,1558804,1420958,1461560,1462781,1503496,1526185,1458736,1492212,1503265,1451264,1482407,1493838,1527740,1578524,1475353,1436598,1485559,1425994,1440650,1462701,1512889,1519779,1466100,1451338,1447614,1457715,1465623,1492929,1395555,1492228,1413011,1416936,1441041,1410399,1495307,1456762,1470270,1465141,1528075,1480204,1518025,1486497,1545817,1396337,1645679,1456348,1480382,1499639,1564141,1411364,1513348,1477410,1498753,1455650,1531507,1568671,1512231,1430686,1501503,1487797,1389416,1519822,1458674,1533818,1473648,1474406,1453782,1539181,
78000:1506799,1638066,1477915,1455658,1631483,1577475,1546006,1544153,1464942,1518339,1434487,1482970,1474116,1504026,1580068,1466858,1486282,1524772,1419375,1512554,1518272,1460436,1559365,1500094,1520929,1488822,1458029,1508057,1465625,1558627,1475804,1584051,1430961,1444555,1556394,1568240,1500388,1561982,1501023,1493897,1487416,1536811,1544487,1465045,1633498,1511640,1535263,1551955,1531999,1511297,1479639,1678128,1541659,1520253,1574130,1492082,1457690,1476550,1530676,1536454,1529728,1441512,1437525,1505550,1465634,1476335,1514189,1514332,1577968,1484045,1575959,1442368,1495836,1600137,1578039,1518817,1487526,1497673,1567341,1482484,1542969,1461611,1535041,1467956,1494663,1540681,1527857,1461071,1451873,1528883,1522525,1524610,1505806,1598999,1478707,1491638,1490014,1468556,1524082,1490029,
79000:1564649,1506803,1457155,1544215,1526562,1598266,1542072,1565640,1673071,1458411,1474983,1562449,1542223,1467698,1489737,1541898,1526323,1485976,1490438,1513460,1461027,1490748,1658456,1473566,1490055,1539598,1487554,1548785,1601831,1487756,1571719,1514761,1521666,1505848,1495259,1557293,1530226,1559426,1494532,1591272,1542443,1528879,1517454,1465185,1510793,1562480,1509355,1467228,1462986,1634621,1541065,1471864,1598154,1455105,1541177,1496603,1484207,1529846,1544295,1454102,1582921,1509266,1550276,1588951,1460541,1478126,1566451,1551894,1517828,1487369,1550364,1501875,1477015,1578113,1520544,1476987,1563615,1498142,1556812,1469443,1578395,1474032,1528744,1596152,1450795,1541685,1503909,1500478,1507374,1539286,1686376,1555481,1523801,1582626,1516275,1623775,1504212,1610626,1551518,1514067,
80000:1653299,1558471,1565919,1568120,1524306,1535816,1520423,1592333,1589237,1498878,1498782,1611748,1584031,1534303,1578675,1586241,1633128,1534121,1558696,1513427,1481708,1520600,1531261,1596216,1464382,1501602,1586923,1461634,1468748,1511202,1470978,1536038,1562251,1490124,1561713,1512642,1493051,1572972,1565033,1600407,1542810,1519786,1631066,1515851,1510366,1468562,1555380,1532120,1560790,1537256,1616245,1521353,1751541,1518207,1706159,1581524,1544899,1524807,1508518,1502716,1522410,1497358,1567491,1556552,1661370,1522221,1501675,1535726,1664768,1493388,1526027,1445018,1532407,1639714,1501977,1508545,1519866,1501748,1537715,1470162,1561591,1508534,1530263,1512943,1503293,1511024,1642972,1590388,1578546,1551357,1595088,1507192,1526410,1645145,1527922,1553849,1573686,1601981,1483725,1489252,
81000:1509512,1560240,1628694,1611724,1471676,1552927,1581159,1546215,1474400,1560406,1570389,1675910,1561730,1481685,1593400,1533637,1563135,1516868,1574475,1560145,1530792,1623693,1532050,1572955,1627519,1587911,1542842,1525801,1609638,1626503,1544158,1762392,1552160,1595477,1662258,1562748,1561235,1608967,1495422,1506032,1611287,1574152,1495496,1491398,1508334,1709464,1545622,1675461,1476705,1550778,1689969,1555447,1539236,1574697,1616482,1565719,1527568,1582259,1653354,1677398,1580361,1664701,1575182,1555845,1511284,1607755,1703693,1524768,1611176,1531569,1685902,1568625,1553854,1523162,1594426,1633363,1562522,1534786,1548452,1543536,1538819,1575981,1526930,1579563,1548421,1589121,1635350,1535435,1528497,1670155,1567611,1591288,1593675,1583856,1588405,1561618,1499918,1576180,1567544,1628547,
82000:1548400,1645593,1654272,1563795,1649902,1593426,1564506,1572686,1682125,1589034,1595437,1590785,1739345,1512168,1513896,1615617,1580837,1548053,1635726,1548116,1587878,1575034,1592750,1640449,1553962,1520389,1612938,1525839,1617943,1537507,1540658,1509580,1632800,1559103,1652434,1565201,1647370,1518022,1609017,1662623,1624680,1539275,1604115,1559852,1712981,1579204,1585032,1564464,1559034,1572780,1541198,1579138,1531461,1535963,1681863,1641841,1654436,1545810,1646620,1575327,1550930,1578252,1593928,1551406,1584839,1613606,1656648,1555219,1582292,1701662,1596488,1524887,1598581,1519193,1572358,1497794,1535492,1556366,1551387,1562674,1743893,1597463,1532213,1594357,1581200,1514619,1592318,1659143,1635060,1533416,1569766,1566670,1576621,1565484,1550727,1648579,1516594,1484651,1553831,1741454,
83000:1616895,1616983,1603264,1576772,1627640,1640923,1641945,1651384,1569834,1633822,1587476,1680387,1580730,1535423,1579451,1547058,1588893,1737740,1613115,1668111,1564977,1556455,1659072,1610903,1603252,1606040,1607182,1566876,1578254,1518206,1635894,1592030,1591362,1570126,1565147,1580312,1545793,1648569,1532152,1647684,1552932,1577933,1612779,1516088,1634842,1616150,1598749,1590794,1688710,1611388,1567925,1602164,1640187,1598442,1587241,1675662,1635897,1630002,1637390,1619616,1611929,1621275,1551479,1564038,1579754,1576665,1579344,1797138,1640446,1608802,1622841,1592348,1736486,1617789,1670455,1621820,1668122,1564493,1622940,1547422,1613394,1649956,1567605,1621787,1652715,1634058,1561309,1569518,1769400,1587243,1603961,1590311,1620424,1545248,1657076,1587490,1566130,1588727,1768798,1676866,
84000:1595993,1636916,1642311,1675981,1692932,1557636,1669139,1661777,1746210,1644183,1578515,1578177,1687747,1578839,1607243,1632865,1567702,1722930,1678952,1821227,1634298,1599436,1633261,1699993,1601068,1590136,1664021,1567806,1572428,1604582,1625036,1603205,1636508,1569084,1618016,1638971,1602067,1708593,1567807,1613817,1696894,1648390,1702836,1736497,1606748,1585808,1557466,1637805,1613781,1652124,1580079,1705334,1609928,1606401,1644751,1667859,1634550,1688989,1621551,1595259,1694687,1760544,1586856,1668395,1588940,1714729,1610697,1688846,1642098,1667637,1661171,1594326,1654847,1612591,1629158,1610063,1580215,1576684,1596396,1582025,1604662,1624284,1648417,1674220,1586161,1643502,1617589,1566711,1586198,1637208,1694791,1659262,1704680,1644907,1698640,1733679,1669764,1648894,1604276,1663148,
85000:1688445,1579152,1660102,1642585,1701060,1648766,1582357,1670482,1597485,1620936,1588596,1631866,1718664,1660514,1624991,1684113,1614068,1662765,1673206,1610838,1645438,1698434,1637967,1634336,1590801,1747868,1567014,1734269,1870213,1592373,1588451,1684656,1694019,1699003,1650634,1686486,1666900,1693242,1696324,1592200,1645404,1619481,1635179,1597079,1635908,1621555,1681392,1692988,1668939,1643288,1798657,1705262,1695626,1714595,1672773,1627143,1615033,1685829,1600596,1691730,1714877,1688896,1664191,1677264,1652889,1590060,1788918,1653249,1666515,1679103,1557918,1618855,1596651,1717519,1600029,1566322,1761197,1679772,1682007,1745184,1618247,1774857,1593042,1659849,1604212,1739603,1721030,1650575,1647291,1786849,1634624,1651770,1783407,1576552,1663650,1649354,1608362,1585874,1611139,1650753,
86000:1737025,1594475,1623803,1755233,1643674,1655631,1712722,1651710,1658081,1709421,1635962,1636976,1649652,1657536,1799692,1677458,1627304,1600929,1612043,1712467,1717138,1584391,1698100,1775769,1634732,1739012,1645732,1626419,1680699,1664557,1807927,1617309,1661061,1584129,1664938,1749990,1686009,1620498,1712833,1704280,1603559,1628999,1623846,1622435,1641864,1715320,1761297,1684736,1628645,1709122,1619918,1654432,1656025,1784074,1734580,1740841,1660931,1654059,1736573,1598923,1641621,1656094,1682084,1646465,1691129,1766183,1682023,1606412,1726745,1805994,1632609,1690350,1630936,1687282,1637490,1752256,1640670,1672674,1689153,1698134,1670746,1747066,1603735,1600393,1770287,1799779,1647151,1703434,1638614,1629994,1799535,1652316,1673804,1626617,1648676,1650072,1675136,1881795,1685196,1719963,
87000:1727667,1634863,1663503,1651749,1739399,1718966,1742636,1741895,1698512,1822259,1604867,1645340,1781798,1717093,1594169,1704639,1703477,1693395,1712595,1779564,1781138,1705934,1693116,1672827,1702887,1652554,1751450,1641548,1661183,1696118,1777934,1651233,1663093,1663775,1633010,1736712,1689704,1672884,1644607,1899475,1684617,1593676,1694691,1715540,1697322,1645564,1698536,1614806,1635922,1679916,1601102,1681757,1633030,1652552,1644843,1653502,1653813,1726352,1840361,1735205,1669077,1774217,1637691,1728096,1687459,1618892,1640551,1694935,1668977,1770703,1626074,1730188,1673130,1794797,1760474,1743237,1675892,1619005,1658980,1719516,1622825,1709257,1656085,1731784,1670292,1660128,1696526,1795205,1651111,1648211,1687221,1754497,1709975,1649429,1656495,1693375,1665079,1767297,1832739,1651722,
88000:1756287,1767287,1739055,1672096,1678297,1691164,1860637,1739726,1732153,1689480,1757179,1708197,1739431,1794862,1768168,1700239,1747807,1666428,1728631,1779460,1810140,1734287,1741410,1637192,1777353,1677722,1758672,1677522,1731343,1812891,1781368,1773727,1780288,1725180,1735543,1731354,1627838,1700425,1756744,1822568,1653033,1744320,1690498,1702785,1693572,1713795,1710912,1742538,1676990,1698011,1777468,1736703,1670272,1729108,1716656,1777246,1746228,1693615,1711891,1707993,1725485,1740564,1666588,1624884,1769547,1733083,1677830,1707285,1821026,1796611,1677328,1858259,1698428,1792095,1665740,1784861,1707808,1717823,1724750,1655891,1684984,1692290,1740440,1702086,1786720,1709272,1691228,1764656,1698183,1774928,1835223,1702947,1663210,1651698,1706573,1748063,1700218,1693449,1729652,1672628,
89000:1699057,1684018,1771439,1658782,1745959,1759422,1757832,1811647,1679735,1887763,1769281,1695753,1790931,1722220,1680156,1783061,1770142,1827712,1681164,1684858,1779731,1706417,1669635,1737395,1764023,1644959,1697938,1701425,1756159,1705398,1669900,1744932,1741668,1675689,1716234,1822193,1792963,1778631,1703160,1780575,1681080,1745135,1673015,1719119,1696067,1857630,1707104,1741938,1877165,1685646,1731533,1738199,1899931,1815691,1747899,1715591,1890291,1701590,1710997,1719467,1737693,1767721,1772558,1654810,1759183,1702322,1733548,1698223,1964259,1861517,1721284,1780867,1755580,1736416,1724020,1646307,1662955,1697286,1714535,1692486,1766929,1780393,1822513,1705081,1730793,1719532,1684541,1923210,1764940,1638944,1666993,1687425,1811499,1725442,1723025,1677102,1759098,1720080,1787557,1681247,
90000:1743154,1825154,1722441,1788051,1735798,1723345,1751372,1744623,1730331,1754111,1858203,1735169,1762447,1740003,1709868,1735725,1816783,1883780,1739011,1820626,1782589,1698152,1777341,1749405,1808628,1810690,1869818,1755899,1899601,1704987,1820910,1783094,1870242,1795472,1786377,1675379,1651313,1799573,1807728,1698882,1732556,1889114,1698555,1712047,1759595,1847422,1754680,1680805,1793193,1778585,1795542,1675031,1765006,1759392,1842302,1707244,1733495,1804890,1789085,1722292,1717234,1715025,1769539,1779847,1695312,1785444,1765142,1743599,1760791,1722599,1847635,1705802,1785977,1767313,1712833,1834221,1803601,1839866,1728707,1716365,1754201,1752539,1783337,1735553,1828578,1756848,1781276,1797970,1801542,1772662,1887675,1715666,1795646,1755146,1720328,1911791,1823749,1753027,1880382,1688053,
91000:1910067,1701128,1844346,1762389,1785688,1788372,1819919,1740657,1778750,1808422,1720064,1697576,1785541,1777325,1826649,1869996,1867375,1748559,1884871,1840966,1729375,1781214,1753284,1756043,1731432,1816798,1761641,1765260,1850645,1836468,1742363,1770082,1681740,1778587,1856401,1816507,1830721,1720166,1735781,1709764,1707224,1899391,1807463,1826147,1787679,1778045,1797763,1788097,1733977,1763648,1746394,1835390,1953358,1763859,1801802,1750946,1815145,1773464,1695909,1771291,1685353,1768774,1787308,1851318,1824603,1752521,1710627,1796078,1785574,1748308,1722905,1849386,1754356,1769103,1814615,1776364,1793329,1728928,1747320,1795014,1774954,1716222,1786176,1888761,1712310,1795528,1804476,1681773,1747211,1784087,1795727,1727952,1717239,1798184,1762147,1790690,1763171,1825365,1790378,1758677,
92000:1732513,1738518,1702035,1773287,1762848,1776452,1763456,1867093,1770672,1772359,1794493,1797551,1786816,1704986,1822876,1866423,1761230,1782352,1804614,1745601,1767049,1805883,1803369,1753225,1908326,1875801,1784772,1786387,1810334,1775911,1733124,1772741,1779012,1704887,1763580,1757078,2007933,1868031,1775573,1857245,1878240,1763860,1747157,1702221,1816532,1755601,1874633,1737469,1844633,1767481,1744531,1754684,1828332,1778933,1864082,1982846,1883891,1914338,1803751,1780911,1793851,1771728,1817838,1831068,1700248,1796377,1755421,1788071,1845240,1797984,1788143,1757049,1769285,1930954,1848679,1925115,1829654,1794932,1820179,1915235,1950884,1813396,1719941,1790437,1778207,1758487,1760733,1809799,1840186,1800645,1927243,1727209,1794007,1882893,1728906,1858587,1714068,1791454,1781637,1783865,
93000:1888035,1743382,1838905,1814817,1915985,1830171,1911759,1784142,1870296,1837519,1753443,1834577,1983822,1884971,1816637,1831200,1785858,1777490,1783136,1872321,1797188,1842323,1994808,1785712,1852001,1845555,1845079,1746338,1765521,1801142,1818601,1849260,1755651,1901330,1921376,1898768,1809670,1805371,1840900,1751322,1800264,1846742,1914625,1894197,1839567,1758564,1782512,1914722,2035961,1807599,1909749,1806506,1848793,1769698,1761101,1783765,1764684,1766417,1913936,1832137,1859443,1765320,1798844,1792883,1831982,1780679,1800043,1855552,1809563,1810198,1763220,1835043,1860724,1773839,1811829,1768381,1808627,1810433,1822094,1850056,1823610,1814263,1805918,1860171,1874847,1863581,1805768,1811711,1902165,1836256,1862267,1865366,1962332,1956490,1885837,1802698,1785753,1788831,1781612,1799292,
94000:1941893,1837918,1939784,1816925,1838586,1899814,1901000,1748599,1801709,1809879,1829252,1880011,1906649,1885271,1854417,1871817,1745066,1903599,1923872,1794903,1809020,1836305,1856297,1878168,1774144,1807294,1857284,1896628,1839731,1799216,2063503,1908184,1910787,1838994,1907033,1973756,1919167,1772474,1831060,1913497,1944395,1865246,1872253,1896549,1928525,1879266,1881760,1861297,1863536,1812911,1887016,1815702,1806797,1856717,1853706,1817163,1778661,1819273,1942887,1938969,1796816,1880047,1834996,1775599,1869621,1919673,1785273,1741400,1896472,1946395,1813227,1869539,1946554,1814399,1856719,1770639,1800583,1807670,1865787,1857250,1789103,1824650,1874636,1774107,1917083,1841310,1850454,1874605,1838528,1816060,1800549,1923366,1825313,1881898,1756691,1851128,1884567,1781833,1902004,1970714,
95000:1887049,1899468,1785562,1859824,1852284,1827350,1812268,1762312,1840593,1840170,2004925,1888607,1820626,1907946,1846264,1842469,1921432,1896633,1950946,1884180,1880248,1854049,1842720,1999015,1857231,1994380,1803953,1858257,1908351,1833584,1924659,1806195,1797112,1919932,1913184,1924011,1930194,1852579,1810286,1848073,1845075,1769713,1843356,1894706,1972486,1912898,1936483,1830320,1839216,1929380,1865865,1835280,1890692,1967944,1923528,1779755,1865847,1803440,1905672,1779388,1943585,1804293,2021893,1966540,1917565,1966069,1876256,1914083,1798702,2015854,1869349,1902625,1831287,1770399,1851368,1821901,1879852,1759807,1888032,1880594,2015368,1842938,1985446,1814815,2027347,1826748,1819544,1871369,1783639,1876733,1900820,1905630,1834838,1915756,1941590,1943195,1810833,1790835,1782580,1847733,
96000:1916730,1894995,1824543,1821180,1921955,1858796,1847241,1962885,1954117,1917132,1926392,1868195,1842477,1801680,1889410,1925881,1992356,1803597,1989405,1824271,1879788,2012951,1907574,1869665,1920567,1878865,2014495,1923388,1881845,1836299,1785066,1904651,1848528,2118261,1934919,1951986,1873122,1823466,1866062,1930426,1803853,1868359,1871050,1810605,1955713,1866832,1916105,1925789,1929264,1910626,2030766,1863954,2023013,1916031,1925625,1846231,1875196,1924151,1905069,1847217,1827591,1886813,1963371,1863187,1965639,1922912,1941958,1896784,1910733,1936846,1927513,1926681,2025009,1859399,1825421,1916452,1880685,1935676,1836100,1890479,1849905,1889147,1897145,1803338,1894874,1987045,1909276,1881574,1867082,1846369,1816469,1858488,1823727,1865934,1905997,1964704,1909900,1994994,1892023,1855855,
97000:1845120,1951392,1959053,1878508,1914741,1806061,2035120,1846924,1904955,1874800,1879943,1842013,1953852,1940846,1916409,1810525,1940901,1917424,1845203,2043060,1865678,1945622,2040365,1995423,1944566,1863425,2127645,1962588,1946031,1827869,1988711,1872795,1961369,1929893,1958926,1959910,1836448,1864880,1970136,2011336,1928004,1930814,1906283,1887146,1867838,1927144,1944045,1827784,1917956,1855196,1937459,1844188,1932006,1967227,1860491,1906274,1832582,1856851,1819589,1884482,1866208,1937183,1953267,1871891,1873516,1865527,1852133,1825460,1957036,1974204,1957997,1912100,1909351,1916850,2011486,1902916,1969657,1851598,1898428,1956971,1863604,1962777,1876266,1915750,1892284,1929303,1941723,1846089,1861675,1950637,2037888,1963530,1898738,1903145,1933139,1862635,1883986,1876207,1921371,1948527,
98000:1997449,1872995,2040704,1869958,1863561,1880408,1882352,1886299,1892680,1897760,1942876,1953687,1912632,1857316,1893077,1914329,1947951,1964831,1953663,1841964,1894314,1840793,2016811,2068788,1849689,1909627,1879964,1949816,1944533,1996917,2128245,1948107,2016566,1907350,1933999,1917346,1922751,1927822,1988862,2006480,2006109,1918129,1907243,1882395,2059303,1879798,1967944,1917930,1970852,1899653,1844941,1971878,1899134,2022384,1816121,1873360,1867267,1916687,1857422,1915750,1878431,1926350,1904616,2013234,1943665,1831252,1914361,1942640,1951050,1911090,1868293,1901562,1891876,2006770,1974396,1890077,1950719,1973062,1825880,1966855,1946153,1884016,1902618,1937898,1853682,1945208,2052632,2018757,1893544,1874553,1918557,1843797,2077851,1945153,1868934,1995525,1922538,1929580,1851070,1924162,
99000:1879823,1976250,1887354,1993702,1957038,1944174,2024346,1879728,1964409,2038050,1978601,1843260,2142171,1907048,1922740,1990427,1963123,1944019,1997585,1960295,2087500,1863317,1896794,1925334,1955974,1996618,2075579,1974994,1897845,1951205,2030048,1912086,2010026,1903697,2030942,1994874,1955353,1953568,1916911,1962370,2046969,1927142,2004774,1981816,1867846,1912356,1954375,1888518,1887021,1868967,1897906,1860005,2029680,1953444,1916223,1883354,2011795,1993500,2126492,1930269,1985654,1972135,1985289,1895389,1929566,1854068,1929901,1953724,1935645,1974864,1905452,1922460,2082835,1982453,1969233,2016978,2033419,1861270,2067973,1966175,1963650,1970355,1978060,1925412,2056730,1865098,1937541,1933115,1953133,1932502,1974025,1927360,1914142,1948023,1933859,1857001,2052211,1982247,2004935,2057959,
100000:1908819,1930172,1937917,1901458,2121745,1974929,1959651,2032497,1991782,1904424,1978794,1949583,1951978,1972974,1963106,1969363,1880134,1972801,1874612,2002925,1976623,1928570,1934873,1909827,1900208,2083439,1985300,1944523,2113071,1994158,1938522,1898015,2047776,1934127,1937781,1949423,2009269,1909743,2088644,2013911,1954464,1954432,1909956,1953042,2015634,2078069,1953532,1961502,2011553,2027892,2068406,2033569,2122806,2017952,1982554,1900954,2046304,1960493,2083346,2133667,2088617,1984985,2033488,1932808,1941388,1938928,1972660,1909030,2031620,1943439,2031530,1892650,1957417,2075399,1965808,1887878,1967118,1990787,1951560,2027126,1965732,1962781,1922954,1928393,1915676,2011611,2136284,1910649,2051143,1961948,2001154,1956142,1973086,2057775,1953137,1937395,1956149,1985897,1933317,1946140,
