20
1000:7840,8312,7361,8343,7705,8700,7790,7883,7790,7670,8985,7513,7812,8083,9509,8471,8378,8757,7624,8609,7527,8695,7512,8435,7596,8209,8590,7464,7618,8485,7883,7761,8426,8555,7725,7957,8065,7832,8111,8446,9130,9445,8402,7171,9392,8094,7202,9245,7574,7701,7908,7827,8381,8742,8004,8133,8624,8383,8052,8164,7860,7817,7906,8832,8049,7876,7637,8494,7377,8185,8006,8375,9172,7704,8740,8317,9635,8606,9125,9088,8708,8305,7591,7590,8335,8336,8314,8648,7886,8487,7662,8442,7763,8069,8018,8589,8477,7666,8794,7986,
2000:18624,19223,19528,17136,19367,19987,18884,20007,19690,20650,19547,20844,23348,18870,19131,21236,17932,19899,19567,20706,20368,19630,24371,19227,21103,18443,20950,18980,19385,19092,20277,17247,18419,19614,18493,19514,20255,19252,19865,19174,20336,18049,19781,17232,18548,18172,24535,18765,18284,17813,17972,19354,20259,18797,19081,18700,18750,19253,19722,18345,18582,18642,18329,18900,22235,17988,20351,19317,23092,19484,21943,18904,18848,18321,19061,22140,18480,20182,21077,20406,21804,19994,18057,21289,21107,20039,19919,16917,21048,19321,19516,21242,19315,19002,20828,20027,18142,22977,19844,17807,
3000:33463,33665,33685,36435,31049,33617,32606,32276,29701,37846,32399,32305,32826,31614,32032,32316,29863,36235,30070,31695,33098,32744,31075,33582,34242,31162,33036,31122,29415,34223,31400,29902,30096,33650,30891,33291,29304,35978,30585,29525,34682,31264,30468,32729,31113,32570,28965,33446,34105,32196,31534,34820,31191,31744,29319,32398,30131,29166,29897,32737,33945,33912,33877,28368,32573,33471,29166,32070,31018,29215,33733,31591,33974,30932,32129,31317,32071,31436,37852,32630,31398,31195,32765,34282,35252,34758,32669,34914,31423,27324,33456,30102,33404,32193,32386,30149,31632,30611,30254,32995,
4000:42693,44066,43773,44237,41304,43051,47252,43411,40045,42839,47391,41757,41794,41272,41708,47093,48009,45196,46315,46642,47383,41330,41322,44096,43682,43369,44486,50880,45119,42526,44884,47706,42412,40709,44674,42574,45060,45360,42168,45631,44724,40280,48548,44254,48431,46011,45600,49873,48556,44626,43156,46400,43155,40991,47767,41776,39037,44017,45877,43844,47399,45891,47143,41644,43250,40802,45524,41568,47029,42211,45364,45386,43876,39455,45576,42159,42915,43148,43474,47376,43766,41721,47353,48257,40423,44026,45427,45726,42924,44482,42093,42445,43692,44451,40737,41705,47782,46156,45059,42175,
5000:57832,54937,57378,58884,55648,61493,61703,55416,57764,56068,58104,58007,68954,57362,56817,61098,57152,54269,58420,53557,58438,58691,57736,56313,54447,58934,61183,56667,58794,54255,59628,62934,57758,54547,53622,59597,64907,57196,61130,62331,56158,72075,54570,57993,58836,64306,61427,65434,53037,55206,58610,58337,55138,56994,52468,62863,60896,54767,57041,53923,55941,57402,54800,61132,58932,59366,54061,54770,58389,57671,56380,57845,56381,59872,55632,55492,55833,57043,58739,56418,57511,57940,56443,57515,56726,57281,56134,56530,59929,54682,60943,60980,60496,56652,59576,56474,59598,63441,64962,58715,
6000:77363,71291,75240,67948,72007,76236,66525,75441,66505,67618,73449,67568,69621,69876,72267,79767,70825,71541,69313,72700,75234,69739,72116,69272,77324,73091,75578,67781,79650,67775,73890,71722,75080,75164,72531,73935,69290,70441,74002,73329,69515,71063,68133,67028,78908,67320,76655,71653,71276,66684,73070,69040,70132,68397,66576,83207,79538,71218,71498,69489,74080,69474,73291,71635,69093,69020,69892,74332,72533,67694,72100,74155,78647,70225,68447,73612,71926,69070,67138,74958,70332,78702,63969,69467,69064,77475,68569,68162,69631,71020,69283,69119,71636,77026,68863,68331,70891,75251,69408,71264,
7000:80319,82581,87021,82826,80512,91969,88167,85722,81935,81862,92633,82738,83158,86925,82115,78624,78781,87012,85823,88085,83568,83335,84666,82761,84692,84020,91683,85756,89781,85804,84054,77467,83198,84887,90938,84108,79838,84243,90394,92688,91187,81321,89448,87007,85593,80059,91245,86556,88662,90891,98610,91993,77427,84192,80627,85034,86400,81389,89936,86235,83801,86616,79854,80401,89049,81660,89524,85620,89325,82453,80987,83007,84941,79838,82662,89095,89060,88526,80802,84627,87440,82436,95951,85411,85716,83243,94601,85966,81670,95124,85318,88650,85732,87307,88752,92906,80999,84673,86170,87618,
8000:119227,99753,93579,99493,99961,100313,100609,98215,102895,112054,105037,96644,93889,102706,97386,102386,95612,105693,111257,101473,94767,96836,102882,102030,96756,96202,97908,105746,96222,109712,97721,101914,99313,100154,98973,108753,100465,101893,95286,98958,98119,97140,100640,97628,99903,104491,93438,99739,106025,96290,92318,113020,93103,105455,97885,93821,96337,96786,93757,97028,95952,94933,92476,103812,121829,101458,104503,97648,103533,97384,100735,100645,101688,93652,99021,105154,99179,101085,92984,99969,105048,95891,97016,109337,94688,98376,98829,99589,101304,95137,96199,92773,92419,98378,95698,102081,103565,97514,98794,96186,
9000:112465,108672,121691,113009,108809,111056,118074,111942,113212,114617,119057,117821,108548,109013,118442,113995,126930,108137,107079,120742,106412,109718,115267,117240,119374,114829,111250,122836,110574,106177,112223,115415,116301,112344,106532,117536,134632,128102,127834,108573,124899,125853,108313,115844,107736,113039,111969,112459,110225,113526,117839,107793,120033,130368,107305,115697,109842,119399,123869,112315,118364,106311,120971,115541,114342,121230,118233,111927,104316,114756,115807,115875,122005,115707,120614,123189,105541,112607,112895,117903,122009,115941,105132,112264,106547,114539,123167,107305,110655,108355,115138,118271,118874,110896,107224,110573,106587,113382,120285,115280,
10000:132692,142390,139623,132029,119664,130611,128591,134946,125544,130581,122568,131744,128408,129967,141575,137607,131855,125292,132187,125814,141276,123603,131328,129594,130126,125005,130218,121110,118980,137940,135532,128062,125045,122009,134369,133355,123163,129776,126231,127224,127970,125159,129907,142610,125553,124807,125850,131416,131021,141781,145432,132849,124112,125722,129279,134758,133201,125863,139264,130061,135739,122684,137188,145768,121656,132472,132234,121699,131964,130468,127850,126880,127278,132870,150791,131046,144872,137477,121200,117604,124864,131310,128640,133264,129346,128621,126798,120871,131770,155439,127326,143293,125751,125124,126467,128757,133134,122764,129508,136420,
11000:138023,153501,144481,145444,141528,134882,159371,145036,151580,142885,135297,146547,151063,137197,147168,147751,145513,158231,151640,145643,133366,131832,152616,140338,146876,157112,147879,141034,146783,142164,139478,145752,144832,149147,147259,143777,135582,141777,143394,146352,141269,141815,162741,136565,151985,139346,145330,137151,138606,149290,130281,139507,131314,135516,165628,148437,141528,152391,141237,142651,142252,143315,134405,155461,144839,137447,138746,137579,155182,143437,135481,155684,142825,141427,157289,156760,149331,139453,142775,138727,165280,148366,148167,137193,143246,134925,139751,131875,164627,134004,139651,136102,139865,135216,146261,139451,142151,140138,139896,143813,
12000:149063,160200,160524,164446,155333,184552,156875,163404,152311,159437,163127,153218,146140,156735,158329,172885,152582,162545,146163,160775,160733,174477,170031,156854,179347,169516,150953,154459,155782,147452,157552,152804,159425,163128,158167,155955,155662,158710,163646,156083,149736,167371,172777,166567,165199,151810,160974,159354,163353,153195,156455,150564,153296,161390,179759,162749,163223,151479,156665,159325,160921,152529,151538,167840,157046,156301,151118,149699,151191,151925,155085,158565,154225,153878,166124,156059,155170,155406,157033,165930,150017,168616,159886,160881,161565,149769,157920,166921,151634,156765,162495,161054,169668,154462,150933,149171,156042,166795,151919,171369,
13000:184380,169188,182015,172510,165880,180235,173478,165650,173723,190619,181676,188735,168493,166067,179945,172680,177737,175905,178458,173255,175059,170522,172101,185157,186972,197814,174011,176000,175542,170534,176294,179327,179449,175634,159282,188911,168275,175928,166664,171150,167823,170523,177698,177905,172212,165483,183328,179700,175210,171398,171093,173136,166655,179023,175877,177968,164853,169392,170890,174767,175209,172564,163065,176328,177816,168821,176135,203389,171552,164392,173555,175054,188670,197154,172689,166824,175057,167007,169346,170976,167782,173443,181148,166182,178937,195096,171547,183770,173867,179481,164769,185308,162294,193954,183830,174391,157813,165626,169726,171911,
14000:185947,191630,192824,191874,195000,209872,181012,191156,184325,190479,178575,191814,181002,189700,183056,183814,196134,178496,193072,191344,202768,186695,177205,182006,194260,176402,186059,185509,181344,195304,181252,195992,181579,177583,179355,181467,194864,184518,195057,191247,208195,196376,189059,185970,196845,191840,204262,210812,181647,186080,184363,221755,191394,204274,200425,181293,191028,179970,191991,187371,192136,188595,196006,188634,191515,182174,183359,183306,187952,192177,174408,195596,182465,186427,191883,199640,184063,187909,203798,188848,184416,197033,189411,194324,189395,182927,187863,209079,183535,192313,178001,188825,190132,198091,196492,191261,188687,195803,205074,185950,
15000:202824,206244,202705,221187,194053,215042,207351,199178,225502,203820,206148,222022,195549,198748,219155,202156,200544,219662,195483,204521,199560,214506,192316,200904,199241,204297,200932,220593,218038,217323,193979,205601,204937,193980,218923,215337,190027,213845,196094,203633,207817,197158,190991,199403,199439,222697,198357,201830,198314,199035,207541,199812,207684,204083,211258,239682,207987,208322,200189,194863,209463,216682,209495,210924,204321,213271,203628,199635,228771,210434,198254,208124,201948,205012,202086,193123,201162,211169,214099,200996,214729,195438,222185,211446,194953,213641,213284,209560,209675,202890,205606,200527,195927,190063,196134,214055,191048,197753,188213,231210,
16000:219442,233057,206976,225753,223474,235334,214881,218316,219356,233125,222205,225705,227844,233766,218459,237883,227030,200858,242205,207444,251046,221719,206465,232553,226245,234345,228160,233451,206908,225147,237558,213961,206154,226027,223554,221498,213132,211502,211941,222920,219973,213734,223463,213573,214055,213899,222609,231105,221711,209583,221712,209675,215258,215256,233146,218415,214404,216569,211410,239733,212157,225678,219916,231067,216526,231035,228083,214935,226329,217414,221355,210611,231122,216992,220244,233652,225952,241903,213054,230594,217711,204372,251275,232622,218192,211985,206821,226358,227390,215622,208514,223688,233779,222701,217629,219365,241481,210868,230053,222637,
17000:240380,234997,230386,224317,221771,244122,238919,251681,236255,246061,233266,236188,226372,241713,218676,243229,237173,234687,261945,246209,232209,246295,268957,219575,231020,236106,246101,246733,244129,236208,237843,249372,236668,236103,249948,244219,232595,220197,226731,260081,227097,233781,232043,250461,240150,263146,231005,241338,234686,265947,240354,235779,223094,229479,230382,233416,229244,258486,228219,230238,221506,233755,218391,256789,237476,239650,231575,242951,270045,236641,232111,222346,231775,237402,228139,219780,235531,230349,252045,232882,237627,221437,229084,229203,241730,221733,236770,239349,241849,224611,231038,226884,236556,244864,231320,232106,262749,251088,249410,237034,
18000:252022,257807,267001,246434,273818,258485,262213,257170,272660,249683,270708,241139,252378,241272,258637,239157,241532,264865,253775,263305,241288,263340,244835,246387,234223,237219,266530,258572,229976,243763,240572,250673,248469,247182,265250,242494,248142,242111,261765,244865,242455,247100,264773,250757,267985,248435,244640,238535,244763,248217,248087,242029,252908,274672,258268,249575,251393,236484,265567,248597,246089,269036,252545,251122,263514,237165,245220,258271,246339,245031,250978,246658,255080,248659,266451,262331,272574,244065,251810,246311,243250,255385,247011,273894,259446,277565,250501,236874,267223,255096,250092,248666,242822,232988,265903,289226,243168,243164,242033,239405,
19000:265444,272145,263139,275421,279600,266579,279495,275100,263377,254502,269805,265135,278461,259097,270739,270280,265609,259929,273614,269361,276469,269328,255089,261025,265036,260431,253890,273797,261162,302040,249942,262642,267089,269956,265752,302171,259724,274731,279894,261860,275938,279955,262296,268588,251424,271996,268605,270229,250425,277967,257747,274457,277897,273186,266280,266565,281776,257840,278706,272005,297252,281121,273207,265451,258047,267700,273915,277229,269925,264892,260715,259300,276312,251016,285183,278576,266701,283939,260400,278721,258568,259144,262874,257933,256384,280409,280055,270365,269216,270774,261213,262661,278838,261975,261773,262772,268956,283214,252185,260982,
20000:274883,282313,293444,323483,276173,288823,326937,289953,290150,275668,287707,306107,301989,275582,292548,296744,279367,298652,289358,277236,293260,303581,279906,283626,276545,279225,299554,287075,276074,305727,284086,297155,297576,272029,302341,303131,327598,310105,290631,289952,284394,284823,308343,310503,286626,266270,289554,280097,291683,275755,282375,294264,263288,298827,292876,278613,303425,270629,288994,263717,285792,289057,313123,292327,284514,275407,262511,292536,263948,274343,298671,265745,302050,276834,306488,287755,305327,270975,294266,282360,274955,279907,282558,293214,276986,268104,302460,277026,286739,290970,305113,274910,271784,290969,288679,270556,279168,293639,300309,276063,
21000:292303,305423,304809,293229,331218,292587,292452,302217,295623,316312,307652,306220,295376,291982,294831,294254,300870,304766,366999,296540,303098,298996,291100,289662,285972,299264,336313,315025,303419,312342,308176,301143,294323,316227,299149,308661,288621,327719,321455,320976,313682,304794,283651,309746,303304,301213,298250,292676,300248,335373,328986,293839,291170,314915,286149,310789,287175,307476,301862,298458,327627,279834,286060,285368,301146,296427,291928,309598,301788,313380,287844,329296,290326,288978,300252,304702,300221,317992,292038,288884,304329,304813,306948,284843,304753,308039,297111,286062,305322,311296,289184,313404,291203,295897,320169,295305,325293,305374,317134,322226,
22000:323626,345802,338923,299587,301935,320446,292908,313446,316398,303523,310170,320582,299750,302644,322948,313873,319212,312722,316188,309084,336395,349060,292629,325846,291084,310228,324071,305249,317040,310317,347850,320216,319300,315127,313911,314408,349939,298694,307954,346836,329883,314513,345706,315977,328450,306394,304411,311296,305881,317043,318818,328014,330590,326128,301758,305229,312097,325717,311231,321841,317236,305631,311798,317540,319020,340570,310409,316145,335254,306403,313172,344985,306647,297224,311348,306548,326815,309786,347353,340625,308068,299217,335103,333772,302210,301747,297363,317835,322723,316972,368590,312706,300462,315558,338091,305832,309555,322681,317470,329346,
23000:331940,329793,324875,324201,353752,318902,348754,336341,352731,324058,342644,346667,326436,325572,349096,335594,348123,318881,344830,361732,350434,343941,331929,341442,364040,338082,326272,355398,334548,343667,325688,337098,334024,341874,329396,334012,327509,333860,326062,328306,333023,332311,341940,336546,325525,335490,351985,310596,338649,343158,335038,356696,331167,330086,344544,318454,318088,332788,331379,324241,325654,339836,318053,326059,356108,336560,323849,312457,330760,334922,316827,328003,324530,319371,324640,326416,313309,341017,328562,323913,343988,328954,315392,319022,332508,336410,315617,329577,326627,334505,335653,351903,319222,346274,340075,347512,348297,319704,336484,341814,
24000:345973,343453,343145,337752,360364,355642,349774,329666,360454,347545,370720,336602,354528,340541,374600,345319,354808,370079,349631,361016,359408,362698,364271,344249,353467,379868,357210,352228,380160,324003,339799,348186,353558,337364,370963,346950,336007,351561,336815,349897,379635,341706,370503,346674,387715,350672,330677,386165,330983,360730,376239,346941,353792,344455,364185,347095,349732,353932,355150,369391,352703,345548,381848,355217,337861,368973,345414,344162,348518,371858,348100,339544,354737,395364,391400,340916,378213,348875,341785,334267,342564,358668,343222,347663,347772,362496,354562,355986,369345,351293,335807,385252,373499,325739,366898,329815,341688,345903,346397,365735,
25000:397749,365025,414461,369985,358163,364479,348828,381405,354245,386711,368803,350988,373375,367521,385677,362919,357543,373029,405110,365631,364622,405109,362537,374839,353100,367434,376247,358762,360569,378472,353543,363892,370729,379123,371902,354897,365463,354661,371790,347088,361158,367814,351635,354769,381922,375722,396686,358193,356594,376606,360702,362920,361436,362870,348552,375852,404390,377660,356695,349518,368229,356896,369518,404327,382089,355494,406933,413116,377312,359631,349418,357642,376317,383030,349076,344489,374014,364951,393350,368495,355071,359237,354101,378173,357776,370411,344844,359851,364337,358122,360144,373670,370133,372477,364534,359444,352604,398225,362575,370332,
26000:410327,368834,410190,399001,376610,379516,368306,384693,379681,369304,369969,402873,373566,366969,371805,389594,354444,406429,394686,375075,382971,378236,394490,366193,371545,397357,383293,378796,365912,415404,394664,413483,382902,379301,365886,358211,364493,377235,380512,417633,384604,368073,391594,383999,395361,392493,398092,357269,391201,386501,383037,378680,405899,393986,385635,366021,407384,388352,386582,380352,366616,371885,374729,413016,377005,384554,364651,400134,377024,379823,388242,368765,388506,404791,423866,385795,407568,387913,396680,368312,375041,416410,365125,413954,388827,371329,365551,402930,362397,385922,380306,377272,377613,395695,413073,378487,361187,393668,371454,372748,
27000:409397,396311,415694,414439,402556,400615,381011,438705,402906,397143,428985,398971,381691,420705,427264,400343,458416,386421,412959,373798,426827,401101,394067,392442,399354,378210,382970,402978,377355,418301,414389,388794,429497,390059,390553,405030,381855,410339,391022,385470,406323,414153,384900,409381,396199,402787,402393,400890,389639,400770,392503,392583,397402,418209,395192,414063,374334,393213,378167,393997,416188,425016,427868,407994,416936,390923,411085,393997,400621,405914,399836,403039,380070,392886,405229,372703,392327,391451,377255,399841,386203,403778,396729,390238,391119,388394,423978,419608,408200,421012,392299,452494,392729,402647,412206,405001,423228,391700,407630,414889,
28000:422966,428858,409579,444000,423221,419090,426963,409555,415789,397085,416038,401075,398879,398809,408079,417802,414287,422213,392370,408991,407233,463784,410007,420383,407531,392654,406464,423818,406968,420611,385447,402724,407460,395497,401807,417122,399475,431781,430694,413849,388846,437097,410427,400699,433259,469301,427947,448657,407004,422414,408110,395735,419795,413844,426671,444412,474181,430246,446015,413107,461116,394629,398549,407084,416075,414465,474841,417936,412888,444309,410319,428832,412656,406683,412648,415783,411787,426015,419402,403796,428250,402398,433096,408977,405928,402471,431472,386088,441533,401770,411612,413475,410538,417914,411513,459791,436553,406412,421540,406565,
29000:419482,451968,419642,423506,420014,442252,424915,430520,428834,429088,453119,423050,416150,433644,426065,413781,421219,421476,458215,428748,439082,437474,433069,422935,449998,430803,437016,451696,419972,420891,440066,424647,432096,416587,445953,414483,426219,440954,445430,474959,410230,425470,407148,423166,423556,430194,420345,457332,464648,418353,426447,426729,465820,470295,439110,432878,436696,436983,425543,435289,457792,427341,416573,423802,421863,441986,427465,443960,461175,428136,442095,439398,470480,457818,479947,436989,440819,426549,436068,429529,457066,417838,444603,425689,412879,436349,440406,425865,453832,429218,469984,440387,447293,408447,427277,440210,456259,427999,423575,471912,
30000:461259,428032,461313,489363,469805,480852,459029,455046,472451,485415,425711,445121,441781,440846,457174,437163,435014,444216,448748,431937,441580,459272,450946,467181,439939,460311,478700,440807,458291,456696,445642,428959,453784,434810,464113,460628,504852,440237,450816,467282,485832,490506,464609,465319,449585,445677,433465,466218,498162,433405,437494,433580,438581,432509,480585,447545,438333,428348,460697,477168,467674,429606,451626,452239,455164,424861,484809,456403,477097,433571,437441,436042,454705,477285,475185,448866,445245,465765,464284,462189,482028,439763,444430,483834,439021,456867,439654,460279,447127,469751,467684,457100,442440,452411,450881,458658,447323,443860,449063,462319,
31000:464941,456133,521118,454880,465838,436505,516738,524588,477487,470964,446466,510776,472586,459566,480179,503012,453868,462170,501742,500369,460730,436998,479765,509029,453402,486050,454768,482825,460290,438109,460394,467876,460857,518309,447533,495389,475692,487574,463354,473038,478954,460738,445928,448540,470188,517558,467356,476326,465670,446670,442544,519421,471854,458818,480429,462736,463880,456571,449387,482185,457346,472687,471443,464618,449520,462981,448459,512033,470846,445528,500500,460288,430229,439559,478220,471248,469643,498296,472865,469343,452257,433806,494313,459117,450152,459595,476829,472590,468486,539071,459994,470373,469670,457428,476315,455379,475577,470844,471451,441666,
32000:491454,495325,461950,460602,522368,464175,498281,487929,500723,485361,470304,523116,509214,512462,485577,479931,482025,511112,471440,505510,461346,495633,481399,492280,525141,489752,529953,508144,511282,481643,511714,472169,465213,519588,459824,476106,541922,488347,499222,480999,502646,499681,474642,493195,489398,519091,492015,497698,502563,531288,508638,462800,498888,496788,491775,468588,492684,468203,516742,480548,478447,515199,484913,532982,491548,489534,516073,489686,460133,473262,486788,495721,495179,482279,485216,474870,471555,487397,478534,473238,470349,494262,547674,471866,472244,538629,500867,466741,454480,502198,477140,476251,493062,481432,475821,457730,476763,484185,465700,457521,
33000:479320,494261,480737,491184,508270,571535,528814,476298,503035,504221,502634,520080,518851,529878,519410,533907,564791,493711,507137,501791,480770,547322,501992,506483,499504,538465,484592,483885,493547,481515,483287,482116,475769,540020,489617,478354,485264,512608,524060,472636,473355,520217,557341,517519,495585,489867,487808,508071,491744,487815,505799,496344,523472,495209,504498,500564,493808,499412,484591,514346,529585,492751,529635,498638,489279,481141,506118,511722,480363,514322,498132,483213,518547,503120,503701,526386,528132,516652,547065,495966,484258,494005,474760,505800,484193,480319,558218,483155,512092,495005,495705,515319,497106,496452,469856,480826,511908,533113,496964,523261,
34000:493533,519399,518616,503713,518935,520128,525306,522411,535947,505100,538692,538075,499477,544098,536199,549753,514662,526340,593703,509168,576427,530890,509311,579550,540755,532148,505779,533139,543155,489253,520217,498763,510918,519685,618520,513543,493738,504978,526379,544327,500062,533521,576350,510693,538618,550459,530344,543655,506493,532447,547821,492452,505252,559610,611904,561738,552216,505652,517120,498253,523923,541987,541490,536451,517893,560156,531901,515755,541597,485074,484962,518036,494571,554012,513824,544118,512971,525561,512719,503881,542183,525467,512827,566246,509517,539918,493641,540129,511109,489082,538282,523853,543452,501055,509398,508108,533141,503072,538508,520819,
35000:530884,540728,509744,568687,527608,544091,545158,558175,518982,516238,537226,505137,585753,548589,542638,535493,513958,515088,576782,503903,548036,546998,531865,533368,573545,503842,525524,538244,519869,545025,555516,528262,531809,540663,523533,535307,527485,521237,522899,563862,515590,520429,531417,572586,509282,565480,553392,524318,591748,556390,611726,537761,552087,516107,530483,568109,532024,583579,536798,513847,543280,502992,509512,518930,532073,556258,507877,505645,544222,522809,504846,511967,516207,583364,546818,522976,574157,540112,538942,543870,538332,553321,507790,569078,528516,572990,531344,518458,574730,556483,552414,551318,538583,527350,533756,570273,541618,533462,563168,546569,
36000:572330,571445,551939,540232,554180,619542,552999,552120,560857,537864,562423,555364,559744,541173,540636,633121,556743,557225,545905,536078,600103,547723,545699,543816,551192,544301,544477,531699,550022,591947,549850,598450,524449,529098,569785,537203,560536,541851,549004,545750,514727,595163,521442,567078,528669,558374,577029,596177,529045,575898,543476,552666,561654,551946,596800,555797,520495,522441,560053,532289,583378,538743,546442,602679,579536,521636,543400,571815,556610,596282,528204,561950,543284,565582,565596,528942,520692,578593,565810,592776,536862,556010,561104,558302,570282,604157,541503,553674,597972,522043,541724,605869,582984,562042,566667,595340,545662,549825,543279,564567,
37000:533598,587583,588797,585607,593580,544850,585296,552530,585919,592298,549319,573289,594597,578703,556784,546272,600309,598439,576790,580532,580701,583712,571557,594384,544200,564514,570317,591085,551291,601245,596974,578861,584101,593492,562787,569480,612708,590150,601392,567680,580414,553934,576476,537639,584195,542440,589655,585072,582078,549457,566055,575307,589588,574007,576289,613962,581080,564879,558915,563386,570920,599742,540976,567822,606574,558030,578536,549078,609008,583496,685322,549139,613412,555613,567008,574750,579903,582149,570173,545846,608375,568237,592833,674955,632518,573886,604374,563339,564478,549959,557505,549474,556461,628896,602722,583979,536007,553665,589909,566250,
38000:568424,567929,556533,614443,589900,563209,625813,559604,593422,629900,602417,590627,585076,561718,620780,604970,588665,625413,593088,580888,610220,595488,570235,565187,581524,582066,571080,558953,561863,603384,607832,571075,565938,584568,537657,615647,580694,637242,591742,592622,574810,572598,575239,580954,594806,606499,582732,606110,604097,559857,637717,577906,626768,577686,562584,601302,596124,588596,555270,580274,628039,592527,568130,587809,606478,575967,614945,623173,598838,578302,679705,601805,586943,611517,577685,578772,581166,644357,596769,613166,566698,641899,617445,568264,585135,550195,618885,595818,617537,579509,591428,624890,609048,599876,580508,560555,605734,559653,615572,584809,
39000:577386,596810,642704,628164,608267,605796,601540,587646,633088,591573,585150,669209,640436,625733,611798,584260,601589,620161,571809,617637,584717,624068,626168,618120,624493,607212,624374,602636,616117,574872,599818,585381,599735,573211,584452,601633,610791,623612,588418,580330,601081,627402,609291,596826,622026,618524,607128,617714,631152,614939,667434,663407,633343,595876,574387,595165,666502,598418,597734,569247,598220,567689,588263,637203,583722,606957,593408,636812,595534,664270,674354,613170,608496,634715,587357,598885,648040,592472,620926,603225,637450,681137,589692,597043,574584,598593,615572,619248,592378,628508,591673,593539,641315,619020,604647,576437,570423,610019,615357,637198,
40000:647087,639364,604191,608734,620905,659866,601450,616485,591776,620722,648386,637012,645211,685326,606798,620023,635256,633709,615513,626607,664838,612474,650844,684414,634093,611745,642523,620198,600702,621012,633922,620189,636150,656920,626623,604986,608247,607354,599081,591286,651302,606305,617250,615502,674664,657552,610503,637465,577276,620978,629990,661979,596716,607673,594589,640428,642550,617572,613566,632530,629784,597896,604282,609970,612080,640942,619817,667005,646407,579675,643955,607967,656720,617988,630620,636131,631617,624207,608098,618104,609591,590106,623636,593915,628685,673711,631449,606660,625175,604872,587047,668745,606068,651007,637830,658038,650900,675031,594500,621586,
41000:619755,711569,732812,629023,638102,623908,658568,665998,653227,636575,699651,660124,614708,625905,678281,660101,644750,632798,623857,662429,641996,622237,652021,637721,647266,646601,721846,643943,640239,645619,654466,632743,642037,703140,597529,709253,625761,660176,619223,641935,650307,679729,721732,632027,662777,693610,626771,650974,650885,601301,620575,688070,667058,626958,652204,655963,631037,690341,665195,646209,625706,672594,679167,612999,641199,619695,609557,623913,617236,682292,645094,630248,659365,738073,632517,668143,677983,654706,652884,615398,670742,640571,628473,618508,632326,655364,653024,627090,619457,648386,612696,689145,655044,652800,667176,677805,639287,628667,616733,647350,
42000:668536,640644,763012,626757,679078,682407,682768,682928,665614,731883,677493,636396,638814,689579,653591,751116,622628,689417,658405,714762,744326,623053,665937,642239,701571,653976,688249,662109,645943,637681,705308,655370,668394,640032,636403,656512,673287,629426,619530,668469,660475,668669,643940,664462,646221,704872,662837,633946,655270,679321,660870,723421,628990,665486,693023,627226,666553,667004,646561,719693,650097,660619,665335,693417,679787,646836,639556,676173,614891,694629,699886,645259,672823,654919,614749,653262,683951,622985,657627,640318,691739,686500,664399,627036,651047,667171,652323,630777,658581,663880,696935,661239,648227,635531,683965,693325,673090,628355,665472,703192,
43000:672980,634440,713369,707276,655678,660692,688149,686040,683549,691696,713272,684652,673135,701994,698279,662600,655827,640208,746356,694522,723559,688220,720006,642444,677669,706657,652763,666714,645408,683023,733330,726986,678703,713479,670534,665590,680889,674283,736157,681374,709465,675098,645833,685938,751863,691445,640598,655776,655162,723283,697805,707512,760962,668434,660467,703621,692393,664820,706720,685629,711679,725581,769817,678035,719556,706053,725541,638053,648762,667556,693758,687550,692770,651043,668004,689299,678303,740136,663041,670050,695316,636115,714381,693710,657503,700092,716446,686238,636704,660318,639826,646059,757915,653601,693005,677901,682334,690653,682343,665172,
44000:659323,673834,742307,776555,692380,690844,712559,655712,665106,676360,720240,652065,704488,681957,681454,684869,681781,657407,667306,688760,725902,681958,653939,664235,775932,745929,696669,683037,699943,690226,707438,731134,729153,724119,695346,745621,686727,700127,682290,708721,681353,699408,700780,655952,675018,689821,736749,710959,770117,718941,696285,678467,685099,674578,687044,684294,692522,716807,722034,739427,692244,707447,707419,717041,670509,738323,732755,745385,767456,726514,698044,685187,743104,736746,721705,652408,688054,714316,698275,682066,652811,701323,696339,681443,711900,689960,750151,710675,677046,703794,683029,661412,698492,699885,729190,662000,720040,675851,709200,729501,
45000:711630,695626,696916,744871,722575,741548,690597,709011,704099,688904,701072,710374,723225,719133,736142,697914,715549,715390,719040,758919,704094,705727,723897,727534,787974,703635,712521,719223,726315,742533,716594,717376,678734,710802,693603,684078,708399,734683,720577,697824,693859,750374,753247,766565,673552,717463,726826,754314,673356,698309,730831,755835,690122,659890,709684,725513,717414,730342,692933,691290,732988,726005,737750,754949,703662,687164,713820,722530,693842,742142,697996,703634,733792,704801,771409,705635,752082,703286,691530,728562,773509,708913,684284,701846,711323,686926,741149,700104,719637,731978,705778,755467,724140,677708,661486,709275,749716,735276,721605,667230,
46000:746135,705315,764635,753657,727132,726756,755020,700227,740170,699284,729817,706975,711073,705133,766606,748005,737427,745464,678991,726015,751508,702008,741001,712992,737604,743489,672767,689537,783644,698212,739935,737979,730887,702580,729344,795959,751685,766042,717499,692826,719130,799627,752124,704805,732872,757917,740717,781842,674110,690737,745170,726446,733573,692931,767079,719148,721386,733700,717139,745803,720413,812645,788907,840101,756844,720850,711704,740868,720457,731195,725738,740783,703720,746513,745766,799544,701610,725548,787739,751915,729573,712598,701568,712372,713092,735788,747720,733186,821846,729828,725043,710869,740409,761442,744650,700830,715369,691910,767426,770273,
47000:793808,772666,736889,753192,805664,734196,744132,730579,756258,734357,747466,735663,736996,743134,764324,743620,758951,734746,716727,823041,754852,743406,788459,761978,727161,789525,711952,792984,745647,719007,751969,719398,728267,750130,738381,768595,734703,731942,773099,725202,740782,728549,806190,755607,730366,762035,806863,757870,715314,758955,751773,809631,764429,753081,782259,750688,798100,762095,700438,726520,798624,820886,782120,735074,780638,815733,809147,787453,866343,797265,766778,786951,730383,751134,735653,724000,762982,734142,769308,811058,749981,731282,759027,754834,751113,744228,746570,784862,741303,745239,723923,712713,734026,791032,705704,709882,756923,730871,735626,754225,
48000:771564,822576,838023,791391,798204,791215,769395,769901,774496,771404,753326,797097,843248,743251,727988,739588,761718,804507,806733,768946,779776,765286,820273,727862,723444,780897,775262,746249,774055,749565,756285,767444,739483,743026,742660,756201,730753,796069,765054,811133,758726,731806,729556,754452,750633,803929,769703,722883,789376,827423,746861,751585,770024,828077,737184,741063,800726,772206,767553,776259,752874,740582,808194,804234,766512,745191,794660,772571,760363,722837,758031,741523,734495,728756,834437,761803,780509,823706,726820,776443,793429,841590,750736,750920,795527,771046,802565,760494,781626,759770,765912,768169,788663,761461,800908,765595,775273,797616,760093,782446,
49000:778372,767121,784937,797820,786461,794975,779217,784785,871411,808442,768274,830846,815650,804720,768009,770387,784517,774922,790443,785551,784076,763273,793451,771543,763023,766931,838576,800632,779652,772795,778498,753893,761896,818401,836319,751762,779904,768696,801321,770819,815582,764020,801182,774154,799883,849020,777286,784715,771907,784236,770672,749229,748944,817505,767122,773553,797160,795396,776211,794977,775251,776126,816340,792705,774561,753061,768035,784303,809050,808590,755744,794199,749954,785212,805891,784165,817040,792580,761318,786799,792122,791332,755936,765724,829568,770953,816346,760282,762016,764798,753369,815818,755305,773902,779933,828050,769631,772130,853029,762963,
50000:787085,814531,767133,804828,805274,786355,766649,747264,796925,811919,786164,776315,856965,806161,845308,777817,774375,762898,785167,855470,835427,788678,817721,844391,761626,794927,792077,818079,888864,809314,785199,766705,839807,805933,786037,800728,828488,820266,789270,798654,842659,792416,846624,760027,773816,768155,748175,824742,845324,793585,795170,839825,848516,766672,793010,832674,794725,776202,765023,777619,772041,849983,787645,789165,818051,779382,806973,763702,830049,758680,794268,796789,792458,822266,832600,823667,760121,825671,809919,774357,762933,819059,823305,837010,792649,782699,818258,804268,832513,779433,789817,771138,802553,786913,809474,834376,854492,770430,860569,777289,
51000:807304,828826,799252,833498,845822,823508,859055,797578,826668,836129,803959,861907,809848,840849,810725,803792,783125,803590,860465,838500,818978,827281,770834,828253,894971,797404,823780,788288,771665,812002,807808,809952,873585,842502,892439,869846,818172,790059,826373,812267,772400,752718,826112,801575,784815,796089,781142,858038,825641,786786,825005,842501,902123,814972,826567,822264,791320,821295,788045,827174,825957,814559,794628,827735,818497,796704,804004,943459,813292,780126,812614,839702,829516,845388,861855,900983,883179,915766,794783,777042,945858,828982,934765,925934,835744,832894,984176,816346,775243,808838,784101,792534,840523,773237,838623,847746,797043,821523,846642,779500,
52000:815893,866483,815475,814207,867647,874527,802224,849898,815962,842960,786290,916630,907157,913011,819962,813563,875970,836692,838325,881791,843969,841083,835970,877429,855635,819589,830675,899347,882138,920276,834094,845682,829854,794880,810124,821188,883781,874153,866949,810861,859003,816895,830148,907554,854581,811908,831995,807444,847734,883987,886195,881537,877199,848871,815661,837695,817799,853797,848922,852728,840654,850311,801847,815555,884474,914916,832283,813461,799300,772116,886082,808865,811663,835790,867071,849285,859976,833811,856943,851546,893660,849373,825234,898674,863857,829543,831901,786857,898917,831388,811470,837998,847791,821628,846168,825527,886245,854343,897125,869061,
53000:819546,935382,921544,911072,833510,884460,858790,862500,925252,859257,915460,808004,887136,817134,850179,825392,843047,868953,871400,830678,931388,854042,900370,830271,855657,826229,845965,913520,870378,879104,844122,895147,896193,802079,860571,842433,828976,880008,861619,857109,886486,866916,861752,847420,846658,883057,843386,869906,855334,932327,848169,838963,834419,842771,875191,866901,926861,912985,862491,826509,857649,917348,862934,929544,802152,827667,915566,884283,846808,869238,839359,867281,845796,873310,866198,876040,936691,816371,819303,829237,927410,850600,835219,862135,805178,857359,910134,835442,835789,889771,812851,878731,901823,819869,860982,850690,841658,833793,877834,887368,
54000:839637,918849,826785,851896,882944,1010510,863279,844276,892889,857513,867520,955542,857409,910443,899874,860720,873515,896044,893544,875761,900948,859549,956988,889591,966229,880835,844011,901160,977062,845121,875513,864110,893880,902152,840801,830742,973284,869818,873240,901060,824366,887573,858252,881312,834539,873594,849151,843482,873290,847369,882279,837048,888588,876925,889541,866727,864333,850208,874178,905531,834895,918251,911639,908974,847830,836860,939589,854232,880271,934243,925388,871800,880037,897977,883500,922151,954817,849244,854956,916789,895862,861246,882955,862956,878500,837988,920700,917889,891169,859103,827537,886666,823909,859085,868183,913246,880390,885992,870942,912283,
55000:891964,888539,916360,855663,1012278,877089,954604,921202,930355,906791,863306,953962,867913,936245,883183,905663,900090,945327,917144,929442,857521,890225,856782,928709,949466,878809,885907,1029779,888628,934970,868319,860691,861150,877476,857583,883869,872946,881467,901373,927648,874577,904467,864052,873534,866794,1034745,916576,923184,859544,868036,902469,869725,931239,952891,870948,898997,870135,891359,861251,882570,897932,891732,883290,914697,885080,891208,914271,870638,871199,906617,872181,940674,872997,1011006,946833,861161,881472,939361,910811,850430,897273,923122,927221,878353,924202,917313,865382,882335,882287,949671,899743,911143,860531,924902,896276,909455,878968,845561,916656,977885,
56000:919424,930322,901361,917758,915946,905448,856926,932188,860792,905184,897316,896191,913769,910650,882741,953263,955742,932991,923155,991960,913344,890719,938122,899621,890707,998098,957035,884762,922248,910007,922826,957818,947247,915471,901065,898171,959140,897780,906165,862849,948000,901773,953643,872232,891252,1017417,911606,876060,953168,948841,1002435,932021,913504,921216,859289,914793,941206,930341,910368,937817,966651,940589,901996,943865,921347,1040380,858026,895222,895481,1029536,915221,866851,925858,892832,894529,885936,905611,964374,904500,955586,956578,913525,933857,985212,897344,863810,888333,917659,867649,928713,882753,916147,889006,887251,858455,885229,877867,966546,889710,899493,
57000:957734,907832,913074,978719,879935,941890,931057,884754,981637,905582,906093,892363,894387,1067116,952748,955247,911844,973654,920573,959547,935532,889531,887820,897826,959965,907129,971726,898243,990819,956227,942238,940884,935811,905830,926602,884891,921706,957916,911234,920867,890736,919631,913043,932324,907124,941730,943108,913568,957350,913917,973582,885146,901274,1034112,916692,965448,919840,891977,886006,886297,936870,928053,934545,961145,900738,926067,953923,913028,895449,1017503,932126,964805,931701,988658,1033088,942703,1075428,886955,905449,919898,939370,891397,896551,1003500,955170,908081,906548,946000,971623,957564,887211,898132,947672,884328,992317,899150,891705,887355,982576,924505,
58000:985644,953474,910448,1087645,920205,908941,918154,1017550,942692,971770,911621,945597,952270,961902,918468,906682,929923,923859,1016662,913448,983908,956586,963862,908741,994063,959721,952644,934983,922641,973331,913602,939861,951716,997792,947127,972886,966460,959684,1004897,959880,933481,934204,939627,935348,1000224,911540,979480,1044758,919588,954194,979181,962638,950222,965811,1009727,918366,1017176,1019992,939804,941102,914042,994007,927285,923668,962573,989063,947413,915797,899457,920681,933731,911245,959949,965953,937136,934752,979965,914233,974656,1054974,917676,970442,972698,921883,939227,956242,924944,895779,970441,965693,917316,950092,973778,977243,991331,912337,1007288,952989,962965,986800,
59000:978619,958526,999864,981908,1012146,1004077,906745,949576,966239,929368,1003128,960450,966083,998948,986101,978725,994656,908154,1018144,964862,991718,948329,935077,987711,931750,959912,980566,974509,981301,1052508,943195,1034901,976693,909673,927161,972572,1128810,940882,969716,964013,973122,976656,1012358,961107,957199,947588,956260,969626,961056,945493,961568,1018673,971539,934553,1031962,1025753,969740,960327,1013610,933479,932092,936390,957418,933027,998749,953428,935859,959875,982629,922979,931888,961925,974045,969294,914828,971056,959601,981380,1037495,953190,930232,958281,964800,968084,904455,947370,946790,964420,928174,921362,971764,1005754,929180,937277,932486,972395,916198,943512,978304,959739,
60000:1045703,1004103,951218,931827,1024927,1006640,1021731,1033548,936251,1024275,985479,997386,1014516,1092964,1009048,1009467,950302,957938,960423,996210,956336,1008016,960179,975757,970603,997719,1006320,997342,1015732,995521,970870,953299,1014440,947631,962739,1002709,974894,1017005,937509,1012568,1111382,981782,997951,1017016,999543,973590,988941,1061146,1020994,1025460,972798,961796,992773,1040483,1028112,979078,1093846,953091,1018948,971048,941642,952914,978668,997665,1028254,1022691,970331,1028323,1035933,1075536,1070888,1051703,939121,965313,1050230,970769,940418,1073272,975433,952324,1060878,967884,1037869,959975,973080,977148,1075731,960121,979765,980424,1031965,974362,1035752,999264,978417,942933,1011576,1006072,930594,945759,
61000:978965,1005352,960922,1052862,1012750,947125,1144770,1055561,1038920,1060161,984626,1077708,988167,1013727,1009518,978650,994003,1038518,1003836,1097265,955085,964475,1005978,990321,1028114,1013841,1032680,1112339,1074816,997264,1073359,971867,990409,1037431,970312,1142098,977517,1031005,1061693,1019099,998780,1006540,968167,1046654,1008276,997315,998816,1072401,992132,1067716,1031200,1038032,975876,1054834,1094069,964311,964240,965855,975895,1009579,1019855,1007260,1010867,1012562,1014724,1030522,1054365,1005839,981873,1016046,970813,987931,994386,1070105,1002050,975812,1041234,1030112,1058553,980943,993221,1012100,1035418,1025207,1027294,973633,1026423,1045678,1018968,1043816,1024086,1004836,971319,1036025,974457,1035222,995464,1125965,1001378,1105102,
62000:963105,1025943,970216,1007911,963878,998602,1063111,1025999,1015159,1006140,983916,1079185,1000350,1016635,1037920,1009559,1019365,1060759,1001279,1053648,1009405,1066226,998115,1026617,979099,1044991,982830,1018945,1081871,1032306,989534,1041314,981795,1071524,1065890,975856,1087962,1057156,1038311,1172480,1050009,1024291,1106948,985531,1063007,997745,1014625,1014554,1065343,1053114,1004945,1083155,970045,1108319,1047443,1052019,951826,1157525,1099487,980755,992710,1081871,1109085,1074740,980923,987768,1033042,1013320,1007263,1041675,1058480,1053854,1055342,1058575,984520,1014987,1056184,1133112,1002542,1035306,1072905,1019776,989420,973663,1006400,999594,991494,996544,969504,989954,960973,1039396,1014088,1030191,1039989,956600,999669,1051912,1007500,1022409,
63000:1034990,1037900,1005415,1078769,1068551,1061477,1046073,1063573,1028226,1116613,1020403,1076839,1006599,1057292,1026602,974876,1045078,998166,1027088,1021344,1025134,1046570,1047580,1027709,1027423,1042827,1065596,1091536,1007928,993683,1032112,1063449,995914,1086024,1104293,1014445,1049832,1129109,1050981,977745,1097330,1095288,1015012,1087581,1026374,1036378,1150635,1125633,1039812,1031607,1013356,986078,1058239,1030405,992747,1064711,1082736,1031021,1018119,1043087,1084391,1044078,1004276,1022585,1042285,1059586,1076699,1081087,989982,1050617,1145813,1009141,1027578,1009038,1017259,986796,1027100,1079853,1133905,1016843,1015031,997332,1026577,1051450,1116418,1021957,1074637,1097031,990651,1051967,1032079,1099752,1099245,1026017,1091806,1036143,1036853,1072308,1037318,988850,
64000:1063805,1041249,1052502,1048831,1040661,1054578,1052124,1021868,1017068,1098424,1109009,1027078,1006896,1016569,1169503,1028075,1100226,1061045,1118431,1082139,1097550,1052933,1012299,1041335,1116166,1159947,1076172,1163795,1020306,1114391,1088738,1064087,1091398,1045396,1032335,1041753,1021083,1087391,999273,1017951,1053930,1035171,1160169,1019971,1073587,1054222,1149115,1100515,1069143,1043170,1061739,1163271,1052889,1107036,1143922,1038349,1024762,1011218,1011758,1031040,1045091,1014308,1055233,1047842,998549,1090260,1021562,1031152,1056549,1015901,1203451,1107122,1029406,1078139,1094424,1049573,1072181,1040356,1145268,1085186,1008955,1085900,1081689,993668,996675,1092786,1087055,1080094,1049237,1094933,1071703,1019631,1058553,1038966,1020359,1049712,1076219,1051024,1021215,1087385,
65000:1067996,1083090,1089157,1103802,1137498,1050518,1059011,1045123,1133831,1100821,1071419,1076228,1098253,1090113,1110793,1144545,1056799,1085316,1098442,1031320,1078655,1113276,1096676,1057212,992039,1107397,1227469,1052662,1104570,1107758,1029398,1037537,1059092,1104788,1152104,1151658,1057164,1159421,1058969,1075653,1109792,1045413,1046878,1065077,1100035,1053947,1116740,1086831,1096285,1090674,1060528,1088678,1079235,1036628,1069009,1050404,1131366,1179793,1045450,1146571,1089972,1076933,1035824,1080494,1080805,1098351,1056622,1179206,1104597,1085191,1103479,1052829,1064877,1068711,1100531,1121190,1115917,1126321,1087767,1186574,1097925,1044960,1118298,991582,1086226,1098036,1123217,1078092,1036149,1033138,1073047,1148209,1122229,1094843,1117831,1088270,1117022,1099210,1080993,1038379,
66000:1198714,1106185,1151000,1126678,1068509,1161277,1070537,1118910,1135322,1085188,1066664,1083012,1161390,1081145,1074325,1038867,1036088,1097542,1132038,1077886,1063531,1229084,1073022,1078701,1058908,1078103,1096092,1027505,1053803,1046741,1078561,1049091,1056271,1105036,1175073,1073453,1089345,1076336,1045206,1085712,1059078,1067315,1090194,1124083,1141766,1045698,1063005,1095517,1091367,1136840,1112642,1147384,1101768,1087656,1113802,1034807,1061459,1097641,1124065,1126349,1068174,1169171,1028212,1064152,1115411,1223485,1152703,1034594,1065924,1108866,1075833,1096569,1083201,1079830,1099814,1071332,1168178,1073903,1115982,1039308,1083450,1151994,1108167,1060715,1051559,1034159,1101807,1076189,1143141,1074818,1069677,1094235,1079098,1117747,1180335,1116029,1116901,1085484,1092220,1121654,
67000:1076674,1163256,1092107,1048162,1145597,1095619,1101936,1083238,1153609,1099003,1064357,1104941,1128669,1091954,1108409,1103672,1030620,1202324,1120840,1148366,1160239,1159222,1081583,1111636,1079630,1083629,1111481,1151795,1222098,1123961,1148281,1148730,1160142,1086465,1083809,1062926,1197336,1068083,1085082,1164181,1107593,1178735,1137013,1111061,1110782,1120840,1086100,1069736,1071353,1122934,1123277,1096997,1087428,1108604,1144606,1127810,1115896,1139134,1083028,1054354,1102409,1150560,1123983,1108755,1190575,1186913,1099322,1089450,1151234,1190762,1139190,1086692,1118283,1167422,1135913,1114677,1074837,1133830,1072232,1114289,1113120,1076983,1108398,1108683,1181881,1051609,1099764,1176128,1127271,1173833,1124747,1109687,1125914,1173630,1165505,1064198,1138995,1134113,1107638,1079707,
68000:1182880,1178571,1165473,1248530,1124275,1143312,1103375,1124251,1126998,1115871,1126162,1137562,1152196,1129685,1143924,1103077,1144617,1109703,1093309,1127839,1151444,1098826,1126914,1121851,1072925,1152039,1161834,1089141,1107887,1118553,1137234,1094413,1157774,1287637,1165660,1125246,1270892,1125009,1118453,1071022,1149778,1123910,1160139,1128335,1080836,1104095,1152865,1205196,1126839,1114961,1163004,1174028,1210655,1152017,1110039,1263591,1128569,1087141,1092898,1124449,1075488,1119403,1231457,1123367,1150140,1184758,1109507,1104166,1131871,1109687,1153154,1103013,1126157,1107885,1106109,1082766,1081363,1159834,1228531,1201855,1128926,1156873,1131528,1088878,1206525,1165554,1145725,1127637,1235179,1150791,1064943,1222700,1124206,1107443,1147477,1371378,1142585,1109821,1173718,1107547,
69000:1181084,1097614,1124251,1159427,1175482,1207582,1120626,1144011,1163330,1172450,1213941,1135924,1198247,1175322,1290391,1131351,1204040,1205995,1204292,1171762,1185796,1083123,1243602,1154524,1142557,1167358,1148632,1167985,1132637,1133607,1213347,1266902,1156585,1125838,1114790,1154646,1144290,1192430,1288244,1151758,1178074,1101383,1117689,1116056,1152168,1188040,1178553,1163005,1188401,1081359,1138438,1261642,1227599,1182663,1119708,1106608,1174009,1163873,1160611,1273587,1133613,1132424,1174537,1190104,1108414,1118937,1088269,1261526,1194925,1127047,1163214,1141281,1179933,1160701,1095803,1178028,1253254,1165346,1259056,1126704,1102898,1141556,1151461,1161106,1158031,1187641,1127318,1120415,1137216,1105147,1133744,1224845,1200737,1237569,1239122,1117375,1203942,1180827,1083858,1202827,
70000:1186033,1282445,1179047,1196737,1220960,1194217,1200305,1105563,1176754,1198013,1152237,1183461,1116334,1247149,1153613,1208549,1132709,1261690,1159950,1131405,1138977,1228473,1172928,1158276,1216473,1165641,1128946,1194733,1140468,1142805,1193377,1160574,1146091,1261719,1198293,1212111,1085770,1301620,1113502,1173510,1156150,1278301,1168584,1137170,1186615,1176140,1127829,1175830,1238450,1175137,1135144,1178487,1184737,1189997,1141577,1168192,1185585,1174263,1218889,1203079,1148054,1215984,1113820,1124265,1165394,1288371,1166066,1161691,1166500,1293014,1181015,1147746,1129328,1140901,1248806,1166403,1179372,1113334,1115820,1125568,1158671,1151965,1151927,1142711,1260107,1135868,1169127,1160095,1164109,1136981,1172596,1277771,1253310,1208770,1144343,1127831,1144033,1159362,1170288,1217009,
71000:1346920,1189712,1230343,1159891,1139099,1184120,1157890,1174756,1216493,1167417,1202563,1192379,1152266,1279892,1173187,1206189,1178009,1151706,1190696,1146148,1242546,1151948,1249569,1156334,1223165,1161014,1147789,1188245,1127418,1279999,1228295,1198140,1234245,1234388,1198062,1178559,1144179,1164053,1211055,1195001,1115148,1193610,1140373,1239849,1159693,1308300,1162807,1175435,1231447,1132370,1173179,1350839,1166381,1130456,1101450,1171135,1255053,1303926,1212405,1183446,1127387,1179661,1192697,1279332,1253916,1188030,1187855,1168330,1176211,1234912,1184861,1250195,1167104,1220896,1169573,1132913,1186799,1157082,1196967,1175281,1232048,1249096,1148313,1171897,1167212,1115623,1203979,1202271,1197987,1193589,1180252,1247162,1197054,1137731,1147520,1162134,1197955,1129272,1209615,1291105,
72000:1168301,1171404,1235574,1183323,1245785,1210045,1302765,1217393,1202712,1255281,1169357,1187515,1175808,1251630,1198650,1225526,1246421,1170924,1170051,1141552,1186316,1187736,1165993,1255633,1208992,1310097,1162278,1288027,1221092,1207527,1139648,1183489,1225352,1175756,1222061,1182309,1268394,1177516,1279548,1195782,1207685,1236190,1243721,1161442,1249722,1212468,1262160,1237962,1143493,1155639,1197692,1194452,1271156,1189504,1226589,1166225,1162614,1159602,1223050,1182186,1219378,1165348,1272362,1190478,1240246,1193428,1227969,1236529,1149677,1285606,1161210,1183849,1168822,1191745,1164663,1223838,1152591,1224145,1221583,1165398,1224744,1188625,1232303,1224287,1199486,1316206,1227963,1212147,1226286,1270415,1211377,1228111,1243773,1192498,1171015,1228218,1223988,1207833,1385286,1237544,
73000:1271508,1247240,1246992,1152237,1223164,1183365,1176337,1210940,1259494,1248899,1229475,1219284,1213647,1350345,1188616,1261869,1337828,1269062,1247756,1234637,1158360,1225484,1256923,1196282,1162124,1234440,1246840,1211126,1227763,1240607,1214499,1283118,1284191,1291298,1261352,1236118,1235925,1166694,1268759,1263334,1181012,1236428,1245932,1183695,1215080,1355212,1218151,1186660,1300001,1246481,1211906,1273946,1226919,1230285,1164491,1211350,1252500,1268372,1198002,1235018,1181426,1256197,1297614,1161489,1231614,1223962,1270788,1205301,1220207,1379252,1161931,1189228,1244626,1266119,1237593,1167497,1241931,1183162,1248887,1271482,1219256,1223382,1224992,1342934,1151763,1218265,1277251,1327817,1149528,1238558,1278037,1161301,1195628,1222237,1256357,1215238,1245033,1224287,1205780,1226494,
74000:1252517,1330207,1254926,1260577,1226729,1243535,1283598,1189745,1233362,1188870,1295145,1230919,1231822,1208704,1254125,1279806,1255153,1180966,1317890,1254572,1217591,1260841,1162719,1266555,1301262,1320992,1184075,1311491,1298438,1187799,1258037,1295052,1259324,1206976,1236751,1272643,1301434,1220577,1266800,1198140,1204131,1244775,1226021,1190532,1185168,1365259,1211439,1213609,1241322,1289497,1258236,1362729,1212401,1227404,1239653,1199118,1286755,1326532,1205466,1257299,1201549,1260058,1189143,1222548,1248524,1272962,1288769,1254517,1243803,1211129,1310732,1195201,1289054,1224172,1278047,1247125,1199996,1243619,1364443,1208838,1278931,1229523,1230222,1240293,1247501,1223122,1176705,1284325,1259847,1235591,1229820,1333347,1274287,1206393,1271575,1248061,1245827,1262721,1256411,1213449,
75000:1274321,1404984,1259008,1250327,1224527,1335437,1226496,1298611,1230345,1220182,1306567,1399171,1215393,1258374,1283630,1257346,1255705,1280392,1288174,1214639,1270401,1228366,1268624,1271415,1274526,1193859,1352286,1370454,1270271,1297472,1283637,1282199,1209117,1232400,1213366,1273100,1266407,1253368,1363904,1241573,1314732,1343465,1235182,1289829,1277901,1193620,1272913,1263736,1226065,1390110,1302161,1276421,1295348,1276312,1261232,1344056,1305721,1239558,1216603,1258522,1239223,1311461,1266864,1250319,1359912,1247606,1275372,1307333,1297093,1337706,1224218,1326313,1270697,1209781,1241813,1301058,1257410,1257725,1214730,1260715,1230058,1283744,1267152,1204102,1265255,1241723,1210067,1280507,1249582,1310977,1284660,1276907,1302026,1272852,1246080,1279351,1290132,1313041,1232586,1292845,
76000:1254565,1311044,1300581,1352889,1297341,1276704,1250551,1272364,1252525,1293228,1301138,1300497,1298651,1414032,1293787,1272575,1389614,1311053,1231994,1234064,1249755,1326956,1317541,1323026,1316485,1267111,1339947,1204815,1267219,1212604,1238651,1360649,1288916,1298355,1267309,1222562,1269478,1310166,1320198,1292507,1274284,1259109,1246850,1283277,1337460,1241182,1301796,1299507,1275422,1326289,1355210,1287149,1324227,1323570,1382938,1277955,1356657,1275828,1317117,1358201,1313718,1245451,1216233,1238999,1251015,1273384,1247087,1304581,1282368,1202174,1328207,1336400,1317467,1221973,1303032,1278291,1366641,1477051,1256040,1322094,1383441,1278133,1280369,1280015,1287823,1248277,1353577,1314618,1274572,1256628,1327568,1254318,1294260,1324948,1287662,1401501,1326598,1229540,1333941,1238982,
77000:1340496,1292727,1281200,1350246,1396624,1250870,1274480,1285694,1288249,1296710,1329993,1279652,1348512,1345429,1282062,1334077,1323043,1264084,1287986,1254546,1346228,1355240,1256098,1346375,1289128,1327015,1257611,1348365,1322271,1303227,1274696,1317342,1309041,1249393,1307711,1381121,1300082,1283304,1281557,1339051,1299840,1275094,1363497,1294229,1444501,1353843,1293705,1334541,1248629,1310199,1314982,1306395,1299515,1280040,1317457,1335287,1268584,1252631,1225413,1371476,1304700,1321449,1266660,1252478,1282526,1267084,1261606,1293194,1321842,1307034,1276569,1244160,1327926,1372570,1300716,1322872,1314298,1400727,1234407,1320707,1385089,1273991,1352421,1319604,1265963,1415388,1392193,1335199,1402912,1287701,1234717,1342827,1256249,1264406,1231812,1319983,1248565,1314651,1291061,1327402,
78000:1333739,1333222,1263118,1278894,1324072,1359238,1348050,1374258,1398386,1368324,1413394,1324242,1310401,1313353,1307207,1301099,1307439,1317557,1379956,1257918,1329079,1307295,1353774,1266446,1330746,1316836,1310956,1301437,1292500,1437446,1298774,1308690,1307321,1374854,1335124,1269758,1447881,1418218,1321033,1349742,1295372,1271276,1336897,1256314,1289167,1346088,1333343,1297583,1371651,1249990,1325623,1264182,1302421,1449083,1314210,1449717,1309325,1318646,1311885,1290064,1302988,1315370,1336140,1358810,1353350,1309241,1304037,1272484,1331112,1253943,1340290,1286352,1362739,1361712,1301424,1381784,1321633,1349020,1336748,1360130,1290305,1330118,1319100,1383739,1326664,1314817,1338873,1302284,1357685,1491654,1382998,1361503,1330602,1320156,1309893,1276098,1323041,1254591,1288003,1255539,
79000:1318464,1306696,1348910,1311799,1312055,1430553,1335613,1422947,1405987,1435829,1301286,1433088,1307791,1420820,1368926,1397088,1370009,1371552,1297557,1299977,1297680,1292988,1290232,1366959,1300773,1409713,1575325,1275979,1344933,1333567,1423568,1323685,1265503,1396271,1331969,1312198,1281794,1354014,1341757,1254544,1284315,1337430,1275220,1393086,1384628,1346919,1266450,1300704,1343369,1430978,1394485,1312393,1348501,1327531,1353709,1311229,1293838,1336569,1268939,1349799,1372523,1425410,1355984,1344485,1348971,1378670,1401227,1297826,1276433,1346913,1311581,1285131,1287445,1334334,1328089,1321645,1349084,1387674,1477114,1328791,1416193,1391760,1388747,1388038,1390790,1312428,1340250,1323244,1288252,1478050,1396395,1339403,1351208,1284781,1352593,1320564,1409081,1388920,1354314,1412215,
80000:1457017,1426897,1336198,1359425,1346084,1311165,1433185,1529170,1328183,1334805,1346843,1437795,1415054,1313926,1332847,1348074,1323135,1317469,1372711,1333722,1353062,1315724,1346840,1340243,1385859,1327241,1305506,1304489,1259454,1336706,1334424,1432241,1355117,1296886,1331802,1362435,1357348,1393324,1376982,1270479,1480957,1421054,1365035,1431419,1485203,1356754,1514587,1379580,1394513,1404458,1374594,1535026,1419035,1352378,1389727,1351028,1329045,1339029,1405851,1340204,1492097,1430219,1360184,1394074,1354792,1391725,1380337,1376844,1346515,1386892,1334051,1377659,1307539,1291552,1402899,1411922,1445196,1433028,1450298,1467411,1448029,1411953,1368561,1421772,1337941,1330151,1383563,1392961,1438570,1436519,1380284,1428738,1355253,1337947,1323923,1492392,1473590,1275771,1348820,1395766,
81000:1321561,1346267,1360128,1375077,1481032,1341906,1374739,1526062,1329500,1409179,1378225,1366819,1429617,1377239,1474997,1397952,1375585,1417853,1361698,1344579,1306006,1426634,1356032,1349776,1315518,1370068,1342718,1341166,1388190,1436425,1425799,1373143,1306314,1410497,1352691,1466433,1354202,1296401,1450084,1417930,1501185,1334918,1345247,1459789,1328262,1503252,1419288,1325140,1465643,1321912,1395523,1436941,1354534,1403053,1358996,1402120,1339003,1348055,1369756,1405200,1442087,1362112,1363971,1403612,1312689,1375170,1456243,1407946,1379480,1346667,1387184,1393564,1368484,1415451,1358154,1491002,1408028,1414985,1376677,1445506,1350629,1343567,1439190,1424244,1401487,1398390,1398238,1323925,1381415,1389545,1376822,1337822,1349528,1431192,1419966,1504105,1382420,1438042,1368527,1393640,
82000:1442264,1463696,1387235,1348825,1405826,1397752,1373626,1502881,1411842,1429198,1388523,1372972,1464912,1409637,1537621,1349267,1472686,1360509,1418787,1446929,1461991,1318907,1362370,1446965,1353072,1364661,1402451,1445223,1324937,1435926,1394769,1425459,1330074,1475109,1389257,1460143,1356338,1488489,1447927,1371719,1317281,1440287,1433194,1462229,1381719,1490998,1365279,1465394,1418361,1324612,1398781,1372117,1489628,1387111,1561088,1329049,1345266,1417667,1326785,1448114,1444851,1351387,1411647,1400800,1418064,1443483,1441153,1597446,1383258,1385884,1367704,1376622,1387411,1420963,1389076,1380341,1345105,1401689,1308053,1402487,1340079,1448548,1421135,1461937,1452346,1338945,1319043,1372965,1473924,1595838,1359184,1378500,1363257,1392572,1455069,1392810,1322832,1397269,1390166,1413710,
83000:1413880,1355739,1378385,1410177,1477341,1438297,1427510,1427311,1380023,1363610,1388299,1360717,1363775,1379116,1437316,1414871,1386678,1497015,1420414,1368898,1423007,1422444,1399686,1515142,1431392,1434037,1458906,1455616,1460715,1424852,1429320,1366653,1418621,1432118,1423509,1395338,1403385,1498354,1412303,1454935,1427244,1397810,1355288,1451356,1454364,1381188,1434630,1369058,1422413,1404164,1430709,1427498,1444493,1361791,1386520,1356162,1441780,1389866,1452778,1499329,1424975,1510402,1395541,1398725,1408840,1375513,1471601,1431802,1472129,1439459,1504234,1349965,1382345,1354859,1409814,1455186,1493370,1371787,1424625,1380745,1403785,1350611,1432576,1457843,1370741,1375209,1404090,1389605,1404466,1400496,1407154,1348308,1529357,1428313,1439522,1583875,1487134,1419703,1356730,1417341,
84000:1438535,1508038,1476998,1462585,1413320,1402989,1454135,1428925,1473592,1426620,1411062,1450738,1408546,1358778,1462069,1412032,1478617,1472918,1460730,1411070,1592795,1428828,1493214,1383096,1524318,1356908,1378262,1476845,1464564,1411707,1500318,1442216,1409868,1535244,1432298,1402244,1387504,1413922,1420151,1444608,1425181,1385426,1530331,1482957,1471333,1465180,1457490,1391527,1430794,1387568,1470381,1421870,1401557,1501495,1563201,1357988,1452645,1482461,1510601,1436028,1472391,1429562,1460781,1458973,1480275,1505233,1430441,1427110,1507316,1450381,1450074,1412905,1430740,1488597,1403202,1441295,1411380,1460860,1440076,1380319,1370818,1464953,1412112,1419310,1389984,1435194,1395519,1478193,1410458,1415014,1446836,1388345,1404918,1404560,1459834,1473114,1450315,1515940,1496481,1376714,
85000:1398876,1404871,1390622,1476191,1351821,1552357,1455064,1481818,1392052,1377661,1449831,1429084,1541220,1422647,1494787,1486308,1390146,1441898,1392081,1418453,1506140,1403705,1352249,1401712,1462000,1484305,1423433,1448047,1388704,1501327,1458193,1598515,1402828,1424001,1365990,1541263,1551782,1458356,1406608,1538634,1458227,1463068,1421042,1448684,1505691,1664411,1456950,1417783,1438303,1536635,1481329,1426856,1583424,1442577,1446264,1466549,1548074,1427502,1486604,1518554,1466985,1554715,1631796,1497771,1483596,1498484,1419618,1558656,1419175,1412814,1515274,1461711,1431298,1461633,1451236,1456153,1460418,1488491,1401806,1457039,1502286,1460100,1440188,1560400,1431263,1367658,1463605,1465823,1420539,1400187,1520904,1481812,1414771,1523340,1689659,1442387,1467488,1399365,1439730,1437806,
86000:1420253,1516022,1407482,1385481,1431977,1494113,1507321,1546732,1492572,1494565,1546110,1425180,1759910,1439726,1504077,1484291,1447558,1405727,1444744,1597706,1455419,1458285,1461357,1431676,1463871,1456002,1506695,1447329,1500908,1460704,1474630,1485368,1445158,1479749,1585641,1406708,1496384,1443126,1495355,1476771,1452678,1505533,1427885,1470405,1477388,1420977,1482920,1421437,1400090,1460462,1412544,1566183,1434474,1589292,1384957,1529066,1612441,1406843,1491635,1488515,1589257,1394653,1540149,1512926,1505515,1444217,1439197,1445630,1493385,1504405,1570119,1461819,1433815,1417773,1443150,1491456,1431528,1628424,1381081,1537578,1495218,1536200,1409924,1471204,1442246,1691272,1531326,1469155,1386068,1438555,1618741,1452353,1477860,1448422,1510466,1416580,1569172,1465520,1502069,1473963,
87000:1491897,1438370,1526021,1455504,1549277,1545666,1483840,1478372,1550418,1436076,1500094,1469513,1494020,1598194,1499839,1474088,1518652,1491636,1506796,1457369,1513873,1475131,1499909,1445759,1562947,1464981,1524082,1445287,1468973,1493823,1578836,1498824,1468660,1621219,1493648,1532085,1457333,1568274,1520039,1534837,1497207,1498172,1504575,1502882,1531631,1578992,1409653,1450942,1512564,1431378,1505246,1438107,1509006,1498844,1479379,1445385,1520187,1399258,1466940,1407085,1447893,1502461,1455330,1564787,1516604,1529453,1486004,1429126,1449064,1522138,1444408,1454855,1589890,1558735,1456970,1567857,1492954,1561226,1590713,1413968,1449631,1552451,1490051,1553992,1697659,1470111,1453545,1650632,1476482,1448951,1513359,1486207,1493053,1590608,1511443,1452586,1437185,1496978,1594743,1446377,
88000:1567704,1458001,1561471,1468574,1596665,1548168,1508690,1449514,1563957,1444809,1450767,1467359,1473145,1448030,1685508,1459270,1537258,1466362,1524294,1498151,1478567,1486939,1482901,1497847,1608727,1585666,1477876,1566869,1458612,1604179,1587559,1520469,1496410,1526023,1448680,1474081,1435805,1522090,1505065,1573500,1615247,1567572,1495816,1480979,1513131,1491986,1527777,1527058,1442917,1549886,1435298,1542914,1549551,1493323,1492155,1496283,1457339,1673841,1552116,1487071,1452239,1523106,1617685,1443384,1547729,1442464,1505181,1589515,1565572,1570357,1418668,1459891,1508779,1552998,1667307,1503136,1607823,1544920,1569470,1501430,1467212,1562976,1500799,1492570,1499009,1471356,1520648,1573101,1523036,1509278,1497350,1542112,1481418,1514899,1440777,1508481,1432596,1517258,1514328,1469811,
89000:1631345,1515907,1580050,1516473,1615093,1623285,1590241,1602658,1568065,1491971,1549712,1535546,1517432,1514642,1439012,1562920,1473231,1461273,1500769,1583546,1479821,1538387,1602732,1563096,1520158,1527224,1621839,1637053,1450907,1625753,1621622,1496973,1518430,1570923,1669769,1574143,1575788,1582424,1511550,1514198,1482068,1552102,1584921,1499250,1472661,1581168,1571788,1537430,1531076,1544666,1572187,1569277,1555245,1469051,1510232,1517856,1499123,1592906,1610485,1714088,1528677,1520312,1541132,1562782,1450994,1514588,1541448,1570780,1520013,1567970,1485314,1475736,1584792,1567345,1667339,1551333,1571993,1510543,1520038,1586734,1607750,1581087,1534971,1548202,1472668,1629482,1442724,1585965,1498948,1532830,1489963,1474942,1481139,1552447,1468524,1511254,1547228,1551059,1594718,1487397,
90000:1616802,1601614,1632756,1534495,1518531,1515767,1557192,1452533,1553697,1559109,1504907,1489011,1533018,1575635,1712772,1581394,1682537,1545254,1722597,1498724,1548470,1636887,1569596,1648968,1499045,1531114,1550375,1493514,1636909,1589502,1588826,1518211,1596392,1676186,1590208,1556914,1527904,1520607,1486840,1600545,1481090,1564327,1531527,1605664,1507901,1517450,1538925,1593711,1548171,1606776,1507365,1538712,1514702,1606598,1506809,1668828,1490687,1493563,1539201,1496516,1602664,1636037,1562962,1571910,1632825,1552786,1527752,1618783,1491081,1608087,1638200,1583453,1493988,1549742,1710022,1681485,1530590,1472264,1711445,1672189,1714465,1537090,1516089,1612333,1630236,1484366,1648157,1560811,1592410,1516655,1528029,1446691,1561977,1514169,1516405,1494809,1641149,1588541,1521772,1568030,
91000:1523193,1627207,1601566,1699210,1579734,1523463,1552523,1493472,1566175,1684593,1483623,1613477,1647087,1648478,1528196,1524201,1509188,1514889,1576418,1633705,1615688,1533232,1623633,1584054,1542484,1642545,1644232,1592443,1609526,1534962,1573280,1572387,1626725,1499894,1597219,1580427,1565484,1563637,1577742,1581748,1587202,1550800,1673431,1685703,1568630,1593266,1560395,1548013,1584694,1504006,1625092,1572252,1540527,1554908,1522027,1695913,1663090,1635802,1527158,1575957,1550447,1523050,1751328,1630718,1514242,1506510,1486970,1560181,1569732,1661189,1533844,1596038,1614822,1504226,1514840,1611057,1534558,1625137,1574559,1569650,1568953,1606237,1639556,1509490,1606800,1594459,1555349,1598494,1547074,1531243,1581258,1538298,1673767,1688885,1602951,1604092,1521927,1519844,1590095,1592331,
92000:1651124,1580624,1566698,1551692,1696365,1674094,1516064,1605612,1545677,1522209,1670031,1619391,1596843,1601155,1639775,1616526,1555857,1598113,1652807,1589583,1684317,1672969,1593489,1752187,1561202,1549891,1521071,1613563,1495895,1538254,1644751,1537922,1664348,1705077,1553255,1527148,1523193,1551431,1654432,1599650,1567784,1517657,1591510,1601970,1542745,1490644,1556114,1555555,1655704,1614816,1636219,1646732,1638071,1667626,1565261,1673249,1571777,1493743,1516029,1625758,1535658,1658465,1590111,1538237,1571844,1548183,1580996,1561487,1554210,1581188,1522286,1582074,1639721,1654349,1598139,1664250,1631548,1610948,1689812,1603797,1532837,1709326,1699688,1614880,1622887,1485912,1557161,1553322,1551334,1603193,1629119,1550408,1630244,1564935,1551006,1493915,1574140,1555982,1582480,1523804,
93000:1541878,1577574,1606751,1670386,1638779,1600513,1646951,1604219,1584567,1624694,1623101,1603460,1733092,1700028,1619651,1565112,1699346,1645198,1544378,1612187,1717648,1625017,1528936,1577283,1587206,1600422,1567950,1575881,1571973,1548704,1633509,1555014,1595840,1679791,1594342,1667901,1648635,1725992,1557227,1697506,1653141,1573737,1626972,1647151,1576884,1645003,1532967,1623639,1749297,1702952,1594281,1619911,1582492,1552674,1588342,1718437,1581628,1619537,1529344,1662023,1595480,1600694,1600374,1697024,1660608,1637122,1575484,1599333,1580480,1583168,1608910,1633817,1620839,1696841,1806101,1551817,1693040,1573480,1637790,1606557,1603307,1626804,1573733,1569411,1599114,1580791,1718842,1721084,1646214,1617471,1545764,1605388,1642042,1632302,1616360,1696322,1881203,1557593,1611402,1706953,
94000:1644426,1592068,1636689,1690485,1612182,1574487,1609912,1631439,1700969,1682711,1544886,1645707,1607976,1632470,1560677,1617777,1557706,1658021,1597863,1589507,1589027,1634093,1637734,1678644,1597976,1656830,1560947,1565490,1702377,1618363,1580237,1723693,1651331,1618542,1650027,1637607,1575703,1585689,1544637,1600946,1687188,1555638,1571100,1644500,1655617,1693513,1696464,1611513,1610568,1732363,1644942,1649636,1601800,1639301,1689501,1644168,1522698,1638231,1641145,1625148,1613922,1653961,1676987,1614437,1675161,1537648,1833909,1566817,1569300,1563101,1692064,1913748,1649598,1826834,1602161,1539336,1575625,1618437,1625200,1576128,1663826,1645980,1717678,1647538,1628783,1710477,1718949,1581619,1560024,1570456,1575234,1563147,1588535,1674294,1736716,1692910,1637340,1586741,1651301,1568490,
95000:1666819,1611949,1704107,1596013,1621378,1600602,1610838,1563205,1604721,1640741,1573569,1605854,1680439,1658812,1547286,1571671,1621639,1654697,1631505,1639980,1676716,1664881,1593017,1638148,1640990,1719203,1657885,1591720,1601017,1667188,1682360,1603580,1659194,1644206,1581421,1618719,1624408,1625726,1602995,1743139,1580708,1788406,1708598,1715107,1697075,1637198,1703960,1618868,1556535,1655148,1592273,1631061,1637146,1652633,1609297,1613526,1808324,1604493,1609322,1604195,1746734,1639241,1616162,1638280,1554578,1599578,1698842,1624015,1733925,1886215,1864925,1672323,1610802,1647343,1638214,1608979,1686421,1575126,1702488,1659579,1629967,1610737,1653677,1571247,1707081,1622554,1599811,1650695,1581615,1790197,1609660,1705132,1627367,1640334,1636624,1651144,1559918,1602628,1642460,1620037,
96000:1642033,1782966,1721170,1648315,1645065,1625570,1649533,1766805,1592865,1690441,1902360,1713792,1707780,1704506,1590303,1612835,1784088,1660635,1622179,1709286,1683211,1628512,1681364,1655780,1697305,1706429,1610242,1647951,1782936,1619484,1626694,1583380,1718527,1657240,1654565,1702851,1587240,1615213,1687664,1718970,1665193,1645368,1624615,1675994,1695686,1749311,1637420,1637034,1755132,1704040,1644780,1592982,1766695,1699907,1647398,1702525,1690005,1688225,1788630,1801131,1599580,1631904,1695771,1649725,1642063,1609128,1684691,1664735,1589028,1681573,1624623,1589033,1769389,1733369,1741880,1756600,1656855,1794093,1707510,1739449,1758530,1588763,1594488,1689810,1561324,1735424,1631598,1653950,1633120,1628107,1664524,1691412,1703632,1630190,1781083,1634820,1754669,1631248,1594169,1590530,
97000:1806126,1818592,1611384,1668645,1645725,1614713,1773865,1601397,1827897,1631957,1670630,1719847,1635185,1701822,1698570,1662120,1650687,1682255,1711943,1676451,1697579,1832913,1735217,1747211,1715857,1720315,1761811,1724086,1664995,1727431,1621832,1676820,1654495,1731682,1617661,1707469,1648698,1657430,1730978,1652544,1650117,1585002,1669458,1646245,1727357,1679815,1619947,1680555,1603827,1653986,1666443,1631112,1807026,1643870,1617476,1627102,1728905,1781026,1681822,1668577,1640752,1713292,1729856,1686867,1745074,1651919,1719604,1641536,1609623,1753328,1657597,1754441,1739694,1810140,1638456,1647185,1677796,1882648,1674053,1665096,1703036,1646905,1746039,1644384,1670076,1637617,1664980,1706698,1737720,1745069,1657311,1624176,1711983,1637207,1652996,1721767,1772823,1648380,1775282,1715395,
98000:1680514,1655349,1744967,1676666,1668531,1744852,1631016,1742980,1883906,1635032,1857851,1774156,1667710,1835779,1658191,1715084,1730523,1656676,1746629,1795169,1845604,1659523,1708599,1854707,1816198,1664836,1686163,1718492,1610029,1672273,1778765,1649267,1695718,1654454,1602231,1745592,1624260,1781596,1608151,1747827,1896034,1722327,1798558,1806446,1685639,1728653,1718402,1658735,1752703,1692304,1664602,1670298,1790042,1856398,1637383,1623827,1841278,1755579,1717282,1649402,1831213,1670396,1663231,1671713,1684060,1637649,1687224,1790512,1717591,1762549,1684218,1719928,1786006,1653589,1762925,1636546,1765114,1636302,1663436,1711487,1708735,1731742,1696369,1704713,1754656,1745404,1767184,1645239,1706639,1736694,1739465,1685519,1590956,1816495,1651488,1696304,1700140,1654813,1765929,1632860,
99000:1829285,1711376,1746291,1734778,1714572,1718526,1726809,1701417,1698209,1839171,1700881,1762992,1823405,1861007,1751104,1770099,1781543,1685391,1812930,1798233,1692440,1778897,1712537,1801161,1768271,1712518,1901228,1706785,1800367,1734899,1707840,1795157,1833347,1727475,1821195,1715287,1721521,1725141,1653445,1707814,1674727,1789709,1705872,1763803,1801421,1754864,1791586,1716936,1769580,1686195,1658288,1655821,1703241,1738296,1753599,1819949,1885519,1845386,1906558,1719972,1762771,1871709,1699216,1739878,1766027,1780392,1689392,1712503,1746535,1696836,1695782,1694214,1665408,1723682,1750978,1720191,1802524,1817087,1698629,1843400,1816721,1845382,1706495,1782101,1676101,1818170,1699446,1774408,1717894,1688093,1659742,1665522,1780066,1654134,1849544,1679239,1860220,1681858,1763019,1862169,
100000:1671632,1762364,1820655,1683253,1762423,1691889,1690477,1851431,1670739,1688001,1767913,1799226,1801514,1759141,1712642,1705778,1653381,1812145,1708238,1795523,1698485,1695275,1835877,1771610,1660793,1942451,1766119,1711318,1728986,1683908,1750877,1794222,1684142,1688992,1824778,1739189,1765823,1716042,1679383,1697379,1879163,1749380,1700456,1727329,1745752,1639787,1818380,1879800,1807309,1736284,1794551,1786804,1794829,1789387,1777088,1675651,1710383,1739894,1786960,1800171,1706863,1772620,1734092,1714999,1788270,1804151,1696399,1668700,1799439,1729520,1677201,1848429,1698137,1688431,1689250,1710580,1698232,1736021,1722282,1705571,1732825,1697995,1670438,1708099,1703958,1735505,1889596,1778274,1831748,1870575,1659554,1689187,1733675,1714097,1626525,1892337,1786131,1696377,1723915,1717052,
