5
1000:9427,9093,9814,9574,11123,10730,10273,9244,10267,10185,9426,9883,10586,10452,9811,11563,10807,9331,10579,10333,10266,9906,9141,10051,10905,9128,10056,10640,10550,9194,9336,9347,9243,10080,10788,10046,10131,9268,9877,10042,8921,10629,10611,9399,9852,9779,10935,9854,10621,11831,9833,10358,10269,10086,10147,10376,9852,9051,10904,9742,10071,9094,10208,9475,9724,10226,11945,10076,11052,8824,9389,9797,9559,10820,10731,10165,11159,10241,9814,10440,9918,10309,9663,9872,9358,11119,9832,9486,9372,10592,9581,9750,9319,9764,9939,10650,9363,10052,9742,9994,
2000:22698,21727,23384,22248,22053,23749,22278,24343,22926,23684,24283,23381,21313,24505,22556,21650,26223,23571,22667,22359,23691,22176,22051,24262,22462,24014,22238,24347,21873,21627,23305,23057,23845,21065,23553,20930,23076,24729,22255,24190,22810,23402,21852,22186,23991,22812,22909,22830,21153,21065,21556,21404,24487,21361,23094,22413,22375,21712,26766,21977,22508,20179,21704,22879,21558,20313,24845,21692,21052,22774,22494,22831,21183,23104,23664,21825,23442,23039,22200,22802,20917,23301,22511,22096,21237,21985,22187,22179,24700,21464,22044,22574,27371,22929,20708,21623,21179,23088,23383,23303,
3000:34653,35463,36907,44080,37661,38363,36496,35679,34814,37314,35161,39791,41593,39654,41642,37003,36355,34720,37585,33300,36336,35135,39568,34247,35651,34498,37107,37351,37606,38833,36779,36440,36817,37336,35351,36846,35482,33997,36266,37766,38501,35965,38791,37170,34637,35941,36305,36934,36268,34367,37441,38449,38514,34715,37311,34400,36760,35129,36157,37417,36536,38267,36455,34349,35465,35452,35662,38070,36700,39980,34381,36550,35295,33356,38412,34621,40365,38237,35044,41032,36569,37197,35805,35046,36924,35148,36147,37118,36302,36285,36976,35385,36212,36701,37971,36868,36924,37943,37109,39599,
4000:50316,48149,48709,47513,51346,52229,51777,52823,51185,49292,54466,52075,55100,49540,51037,49968,59404,54113,50803,48898,48563,51256,50156,49685,51210,47936,50527,51789,54044,51244,51210,50093,53387,51220,52509,47998,49579,50107,53849,50449,50253,49927,47660,48455,50755,52256,56670,49214,50445,49904,53187,48788,52998,49658,54414,47908,52324,53872,52262,52203,51428,57327,51231,53138,56244,49574,51213,54244,51299,49005,51190,52608,50974,49706,50383,53085,50892,47424,56774,49223,52452,49609,55767,49686,51331,49803,53630,55385,55406,50447,55005,50620,48775,51038,49995,51860,48816,54324,48669,49548,
5000:64478,61905,63617,69910,72408,69379,66392,65511,63835,65523,67406,64697,65997,63975,64582,72206,61316,69117,64676,61274,64368,65455,62811,69805,63306,63335,65892,62197,65206,69842,66288,64656,65899,71818,64841,63729,69837,69990,69993,62934,65546,74813,72154,62925,63594,65341,63276,68295,64140,65243,68882,61587,64420,68021,66368,65450,70943,67138,62807,62878,65768,62002,63979,71118,66723,65887,68362,64339,63647,72847,65374,65869,67197,72311,61618,66340,70957,63753,67783,66191,68871,67400,65856,71158,72194,62530,63238,67357,70972,67344,61761,61913,67627,73462,63919,67688,65695,69090,62073,66403,
6000:81118,82167,87506,82300,79828,76862,82128,82388,83778,77811,80817,81209,81787,81403,79333,76543,90889,75860,79308,82144,80374,78120,82705,79527,89803,81843,87932,81603,80871,79388,81749,79870,82375,83317,75178,81867,80438,82146,78588,78783,77893,82711,80290,85836,77713,75901,79484,78629,81014,77315,80205,87212,76854,81357,80644,83562,79056,82631,80764,81478,82208,87530,81437,75587,76318,86381,78469,80984,82154,92536,75979,86633,75575,86902,82847,86008,75925,75776,85958,85864,82607,89550,79339,80128,80126,76818,77984,84201,90417,81796,81417,83534,75848,82462,81562,80047,81533,74577,82644,83473,
7000:107284,99233,97808,106530,95673,96574,95477,93428,99622,92889,89414,97368,97841,95991,94405,100407,92392,98013,96499,96214,98171,102843,97400,99945,95455,97977,90834,97872,92919,102547,102938,96296,89994,98240,91431,97096,95555,102593,94930,98705,96576,100985,91198,96234,96046,98701,97582,101107,98721,98160,93853,94037,100852,106589,101614,96422,94122,95591,98512,98399,100636,99793,89256,91660,96796,101435,105450,101836,98615,93897,100657,96306,93137,95762,97912,92173,95099,93372,99273,95639,106425,98489,90502,101505,108192,90207,102049,96326,92738,98735,95017,92614,104465,97739,102416,100115,96733,98646,102567,97077,
8000:111108,107460,108815,111418,111511,103019,115822,107422,117451,107874,120574,112896,120052,117882,111987,112680,110462,117703,112370,106746,111510,106751,109724,109799,114078,107619,113224,107149,121882,112686,112241,115527,108509,107113,111457,110090,108808,114351,111108,113372,115687,109313,117576,110525,111384,116375,112226,109858,109545,113852,114874,111662,110043,115410,104646,106737,107949,112317,119998,116050,100876,116418,111615,115759,117878,118368,111453,120798,109548,112552,113208,104352,115328,117806,111308,113622,110388,113155,112360,119775,110188,113685,112321,120459,114357,107007,118925,110106,112890,125804,110236,121193,110550,125300,107816,112134,113917,117244,118034,117164,
9000:132439,122486,138233,125078,128120,127449,132842,120494,125965,122597,129077,133899,138099,124796,138029,132129,126390,135787,123646,128024,128845,128574,126158,128257,128743,137784,128846,124884,132761,135272,128498,125011,130583,140580,124022,135504,123911,133873,123117,126853,132497,133776,139099,139380,138887,139176,131691,129412,131781,132365,130393,135888,123371,131464,134363,127927,122743,126556,127133,129295,120281,123723,133118,133251,121160,137048,127783,129673,132432,127812,133322,126577,125657,127624,127834,124920,122043,145688,128764,127402,125187,125978,131459,122424,126810,135975,126858,131817,133036,140839,129555,136281,122454,126939,127822,130526,123278,122350,129905,130009,
10000:140067,144742,139924,142965,144363,140520,143997,139666,145849,147838,135522,143060,153835,143164,143133,137353,153295,135677,149383,141289,152117,143704,145410,136242,153790,147714,153980,151835,148831,151919,144881,139625,140567,141554,144414,146145,144374,145495,149075,147501,143352,142807,147253,149042,157846,150919,139726,144680,155344,145266,160782,152442,141209,142750,140456,147918,135921,142963,149566,140922,133694,142769,137553,142188,150234,153120,154720,148159,138261,137882,159734,149776,142078,147853,138098,146704,148547,153416,143930,155975,147545,140424,154683,139964,152034,146341,149425,139284,164270,147320,140471,143241,150692,151138,144136,138753,153697,139034,148281,140399,
11000:159567,180384,166165,169651,160788,163572,186391,171661,167815,161970,159877,163780,156953,166500,158530,165119,167280,164410,156994,156146,159758,156333,170218,164611,171498,159143,164776,159666,161069,165724,165847,150442,180221,161586,158067,161779,164844,169324,162209,150613,160374,166967,166632,157150,171158,158405,171352,165313,168151,162920,158433,158790,175437,156829,161709,149907,165348,167758,167183,164646,160496,158852,187175,162933,172626,157761,158262,171681,180313,165840,164038,161618,158150,156536,160062,154829,159467,158963,163237,172052,167401,164400,153655,161702,162591,170192,159746,154231,152176,160845,167379,165644,160571,155963,169038,160740,159230,151567,164945,158297,
12000:180921,170856,168254,178171,185964,178041,181197,184934,180944,169843,173433,178548,183578,172662,173374,172178,193613,163799,182228,178983,174383,188205,172010,182186,182862,168512,174983,186180,206084,175119,198611,182696,176836,176830,177162,174039,204864,173335,194402,191869,174619,179088,174026,188703,179711,189187,196845,204044,176471,180458,189842,178803,174403,178788,175550,182578,182597,181824,185097,181792,198420,175510,168898,183287,190856,186620,186991,201948,187258,182069,173605,187946,177878,182773,175463,204761,180424,209753,188202,174710,182791,183477,175222,176336,176612,177419,180251,169121,175231,173991,184857,183166,167920,181531,182660,179399,177209,184331,172275,195544,
13000:200040,190046,187323,205176,192450,192014,194730,193787,185453,218930,193123,194962,180387,201554,196471,193174,189086,219087,192157,185170,194312,200133,203223,209814,190539,184290,192351,188411,218406,213844,192191,202475,195547,212048,191875,191168,189180,193894,194537,204109,193813,196529,190657,193129,199031,196590,182581,196843,195806,225240,192381,187831,210637,194517,184008,195974,187857,207164,195724,195272,194244,201469,190871,195713,202861,193332,203962,194774,192151,199608,220815,197391,191823,198177,200716,207450,215158,199997,190197,191643,199598,197150,220930,192296,197199,193737,195928,195456,188622,220255,186408,186254,198986,196961,203560,197698,195996,191661,197422,189491,
14000:219489,208663,204489,223096,206825,211078,207490,212581,207074,218737,222334,221073,212664,226668,200066,210488,205439,220001,203853,200948,218239,212149,202098,215317,205175,199463,212290,210992,223810,208052,205977,212020,204731,204349,207333,217714,218576,198681,208247,212460,210194,222056,219938,203224,207836,209895,211702,202603,208757,225256,235785,212101,205865,231086,207344,208270,197992,211028,215187,209638,224368,217623,218867,215387,215729,216741,224837,204814,222724,205021,235075,213148,207885,215787,199895,220299,219026,207225,232598,225710,216513,209643,216141,209337,226188,209883,207864,223409,218788,209894,203369,212185,229200,223483,214187,214666,222798,214195,219452,206724,
15000:229751,219329,225265,227963,214005,234681,224351,241781,236285,243907,232935,260429,239016,239836,235687,235733,226492,228549,247556,257703,242854,229251,223913,234066,225967,233074,235534,257444,247020,234597,225209,234741,239731,240891,221541,236825,229991,217077,248753,239136,228020,227288,246185,226916,228527,259705,233772,230698,233442,241622,232399,222732,244940,227489,224829,230569,227132,233557,239375,245726,237588,226029,225378,230280,224153,221133,239202,241804,238914,223489,219665,223483,230666,233690,251181,230340,240833,225957,220867,222716,233808,227536,226183,225274,227281,220710,232871,227919,239886,246561,244561,216683,241902,222704,220610,224141,231763,225160,223590,242694,
16000:255833,236351,240207,250886,253241,254932,247526,259520,239622,239030,246915,243709,244447,249442,266135,236475,231067,244675,260944,254148,238804,234859,257964,250419,259240,248360,249609,242351,269282,245088,243788,244231,249111,256047,233716,248218,238147,241890,249198,241420,242265,262288,267145,261993,250469,234582,238533,243912,263386,232830,248175,245780,256556,258872,243790,245949,248471,244585,249529,244361,257118,264145,243096,243130,238883,237332,239850,242304,245305,237862,226591,252577,281626,266978,258567,245755,259850,253827,245836,249104,245386,239871,252942,248804,251645,242862,240851,264013,252826,248493,252184,251993,236665,246970,256798,263038,232118,260955,249246,249351,
17000:282746,265341,281608,266434,257127,257847,261280,264290,260568,267662,266389,265495,261348,255413,258076,282389,256645,245864,269329,267359,261029,266749,266833,268441,270517,264242,265090,261452,295565,306717,268128,260653,276377,275436,252452,256810,282079,289883,261234,268433,259175,259729,266969,272017,267069,268250,255912,270694,267459,250539,255828,280078,285246,268189,268481,265021,267564,255648,274594,276536,279026,262807,263577,268337,268892,253091,277132,269858,256374,297345,260060,310327,264591,254144,256258,264692,254791,270812,274925,272289,283798,259445,269364,282857,265789,269545,253968,258193,275251,276995,281699,280089,260109,264901,255004,276135,255475,258754,275267,262747,
18000:323052,302156,303180,289999,285140,277049,302614,278795,287936,291990,273151,285361,294736,269338,298065,282173,274912,304583,285406,266386,273187,276304,293512,301096,270968,269148,287661,288423,293020,289061,299612,291701,281578,290918,294609,261366,267582,268394,281741,268078,277018,280295,290090,282461,291956,290066,278469,298211,284300,297192,272862,277949,282656,283062,300446,297314,272509,285376,272509,289741,276851,271192,315202,294862,278852,291517,295329,277400,280127,269174,325712,269797,312643,273272,282777,290201,278615,265529,287148,276729,274607,272297,280231,282531,272096,291048,295885,284000,275678,278297,274729,280372,285219,283834,298006,270532,284861,288148,278031,268298,
19000:298951,327407,313718,303741,313815,285809,312012,306392,308609,296306,288827,292935,305140,285298,314202,298233,327511,302520,322475,319738,314172,294986,290513,287887,310858,301423,296926,282540,295069,324099,309489,307673,281898,301205,294707,306012,287737,350107,302653,293305,295589,309788,307572,291594,309878,310831,317262,294394,294521,322789,287153,297856,293625,288995,288131,332166,311455,301414,314475,319241,293941,302519,306598,289345,284642,288364,323400,296002,287282,309507,291124,318434,296675,319233,295410,295483,328454,304485,293923,292993,303408,308553,291429,284193,303096,294033,306107,304463,294838,290650,295501,299961,286947,318265,294902,293407,309296,293457,284434,314708,
20000:319879,321326,312175,353731,316989,328442,301633,315582,324838,313914,331624,314524,325623,313781,340211,335335,338233,327964,325045,313651,323121,314264,333438,313628,321907,318856,334314,320683,320166,325484,333712,331055,347184,311588,310918,333512,321797,338427,311717,306921,330100,334614,362808,316174,325344,330060,336186,323880,309857,322014,307200,312302,311581,315867,296502,313326,322501,337475,315912,312050,310285,341952,315660,322511,333960,314556,318478,335496,319932,328540,315345,324743,321188,364285,302208,324867,327847,306225,315247,316929,325088,319702,329654,318410,313200,322653,311111,339054,311162,319595,310537,354294,318765,344987,311016,358898,310833,327585,319349,327246,
21000:339585,328105,344166,332469,342846,330187,366955,333528,335708,333311,325892,348080,334949,338652,339159,330750,326580,326947,338158,355517,323905,352656,330106,330510,341240,315793,385795,328347,345390,326570,331205,345908,322305,318658,351549,315229,321175,354211,318651,321366,331754,352366,336262,346535,341499,343614,338773,351356,339703,323026,335629,331477,328390,340119,324526,326970,326296,336461,344054,357604,317416,347612,353374,331973,348506,352399,341637,332324,346742,334516,357974,336305,338875,354198,325991,329255,321403,362306,356496,366468,316431,322927,325824,320884,338860,335458,329074,334912,314425,342072,342426,330688,345415,342664,325202,319521,346365,349794,335941,323412,
22000:344373,339996,357534,357577,346087,348487,367943,339870,354758,351021,335716,346924,348133,348744,356810,336513,363614,382015,370390,346343,368608,405473,365776,357415,352027,343279,360984,348213,382612,340797,336546,351173,365629,337146,340365,345002,345576,370995,342973,375732,344499,356925,342528,336385,332720,346187,349811,379088,364216,358600,358374,357116,339977,370354,341345,376479,367156,368566,352579,335382,378071,362164,356470,359880,347581,338557,351260,409868,345688,342985,348418,349242,353713,343956,363205,343926,389615,396392,346128,353222,347285,344956,361160,359687,376759,366668,342660,347999,374359,344186,339937,358626,347867,354184,354186,350174,369737,360009,376314,364366,
23000:365249,353038,372823,381565,429660,356113,360619,392330,353048,385743,379633,410001,384638,381341,364616,360346,379161,368077,394419,376230,365456,376358,429661,378219,368217,374677,401452,398804,383987,391655,374477,402441,356863,391591,372872,406572,380536,385591,402648,370219,355472,366919,365398,352226,379711,395208,369490,375844,375649,379685,362399,379655,370571,363995,357199,385802,365661,367706,385281,402722,372420,388855,355137,360690,369166,424846,390397,360905,376520,384901,373651,362532,391394,367348,374936,366010,392255,423936,367813,360060,363498,417945,365605,365561,347933,375133,367489,362695,407615,367192,370395,371410,360362,355167,377605,380651,372845,358030,362233,409528,
24000:408449,422258,373902,388310,372736,392356,387525,390974,377967,395809,400131,382002,390082,414307,386928,410136,404438,405729,384882,395383,396628,394368,398375,408792,384351,382259,377900,398617,407194,373037,382246,379128,399873,398200,427837,381980,365897,402162,382352,392202,367743,386485,374428,395733,398817,404688,375269,396374,388834,378724,407754,407401,383344,396236,417148,382801,442496,397405,403370,379547,402389,393049,383841,395856,431647,371765,424257,380779,404647,433162,389778,399583,374754,419229,417798,382845,383066,391488,398279,367579,388355,386663,403494,385233,392569,394269,383580,374782,395926,382791,409283,400810,389200,409932,377705,371361,417438,418764,421512,382604,
25000:404890,410750,426436,405061,429115,402099,402554,454224,472679,410410,393261,423688,437294,395385,404412,403295,416356,409008,411080,437073,388861,390004,396856,414984,406178,408785,424795,400401,397193,385907,411824,401749,438058,389716,418988,436588,414944,406344,391605,411383,395669,380836,414116,439817,406729,435457,386477,411336,423471,409605,383862,418680,427907,417335,389063,432313,407133,428379,400158,411386,429120,442347,385562,396469,394248,436630,392439,405544,397074,428061,414345,463496,396708,421328,428635,409006,416936,420534,401214,411645,395639,386610,388956,389977,398993,400681,398568,419552,407848,415081,397969,407651,421826,400496,399248,404308,403929,407605,402962,402364,
26000:469520,424305,433911,448638,456921,435629,425716,449866,413334,415923,424262,440450,436858,435347,489658,425905,435597,439729,416080,416271,462837,417993,431028,441415,432834,439044,443676,420820,412313,433099,454399,442481,475692,466312,427574,446233,435733,420330,426961,429096,423504,437689,409108,437137,432402,432627,435803,412068,435205,441724,438697,412549,427187,406202,424622,450138,430318,432875,423340,434852,430582,436252,417811,425746,464321,421065,439386,422167,443649,445383,446360,440674,427191,427721,426863,421652,431032,420238,433308,423844,437973,425111,408556,422380,406520,408275,422244,454385,430093,441009,415755,424495,451697,446261,426621,431521,443365,433968,423401,438941,
27000:528626,432027,454326,488982,455743,444706,429915,455561,417500,460287,431868,442505,432740,433348,439303,432489,427158,432696,432148,436157,470130,444436,473255,452663,443405,433718,428705,441237,445465,423296,444296,438779,461269,472550,443436,450365,461635,442906,467852,458566,445370,449528,435280,430893,443130,432017,460406,433966,474617,443283,430004,429340,456993,435137,451311,467272,438759,472653,434498,462502,481729,440854,467936,461837,460333,435201,464531,458075,455933,468836,466294,438343,459330,443328,445435,449058,439897,460278,436338,427986,464997,440188,422001,443427,426382,467017,469752,450782,457083,452236,459616,425952,438074,448072,459925,429360,432805,468549,456197,431762,
28000:462632,507613,464765,478954,468428,457240,445857,480888,482931,469499,471373,441831,453310,444243,457915,458086,481084,465206,470710,464651,480387,462794,452604,452835,473205,447355,473087,468862,463809,495218,468885,486757,448850,465480,472969,460889,464324,455679,459677,452316,474901,464089,472964,464519,444290,478126,476675,451364,462193,519886,473238,457765,464985,471442,455339,497310,490703,450111,499505,522096,462203,482056,479613,452126,483372,464738,459145,457773,451270,486270,452547,479318,461403,465469,471203,454990,472546,471216,491234,481221,476781,456067,450925,458776,456136,457689,449792,458583,452901,447455,507972,451313,463917,492693,479565,497201,450990,471620,449034,463832,
29000:488875,483635,459836,488409,491527,470528,496322,499626,475046,485937,462833,485826,488693,493362,498866,484133,462731,484480,517351,486669,478430,486392,518786,478836,485541,533557,502055,483849,484148,518063,472180,474067,572077,496251,519308,484968,483401,466850,473906,473324,473197,495678,500422,520487,481781,481594,475834,481893,489101,476041,481290,516756,481353,478982,488156,528533,488508,510831,506360,473159,520916,477192,493643,463140,456682,508367,481208,492790,503931,489328,501150,508568,478943,486916,503639,482070,505860,492817,496620,460217,510245,495523,494300,496249,521743,489041,489019,503214,494344,488551,493625,497357,516462,500803,467877,516975,502376,503374,454939,474992,
30000:478377,484186,485759,502252,490037,492914,503238,490073,496793,522263,495312,492845,514042,490116,505990,521011,480224,490293,483056,512176,512528,521268,507580,486563,508802,502651,546359,487716,528985,518843,539232,545969,474211,516771,499340,483039,500097,519255,499045,507894,503726,518464,512679,522756,486758,496624,503512,526514,515218,492633,529600,520100,495306,501798,501444,530816,504474,516000,491511,493071,487876,526832,493952,504551,502616,515550,490913,506487,553664,516141,502678,513315,503040,553971,490539,505918,512530,497449,495385,488662,509592,506115,505878,524760,524057,479385,528383,500572,561484,520103,482045,531451,497658,483331,491488,476054,502789,548170,542702,534578,
31000:532321,511531,537257,527789,527464,496169,529129,523976,532148,522028,522685,493753,572348,596250,503519,543190,502678,526069,545462,518027,521701,512803,523742,508247,513426,551653,516989,546898,522401,524239,503505,560839,553707,510622,516953,523600,516550,511878,514045,502933,526261,489045,517156,514216,541095,496095,549158,543610,519393,521457,537099,505680,539274,516759,525372,521581,512014,534086,508446,516380,516403,558184,507609,510375,511182,555412,492094,517293,511044,539389,510206,515737,520598,526598,563774,507422,522628,493491,515434,506529,536528,527343,491782,541425,561233,493504,518682,564738,510487,506150,505272,522242,555639,524626,519858,504646,541341,555349,523064,537092,
32000:538427,530371,547135,525223,550029,525499,524044,545651,547424,531622,557901,535363,544823,534883,534051,551168,519567,528622,528954,514481,508800,526151,540665,506848,531877,528539,528551,583715,527134,552116,544557,552282,526473,537172,525023,553683,544601,543788,528401,542868,522307,506844,516215,588181,532583,553276,528043,548679,543219,544880,562550,525112,570309,524692,593638,554560,530391,517376,535484,553267,553703,579163,561696,547158,561627,551349,562627,526933,511834,521161,531403,541774,522248,538792,521497,577423,546801,520331,569084,603768,550174,524428,519382,557070,531735,561406,528262,583958,539304,535694,535038,557861,533520,545145,533327,560738,557134,519566,532015,521362,
33000:576200,536544,556281,567983,546605,561749,567259,559278,562534,601069,546144,608790,557711,551964,555754,568614,589943,562301,534965,531344,545370,556464,573860,561324,537570,547241,565249,579331,560414,543321,578150,552558,535078,558192,564135,564848,541287,526461,597622,573578,571391,588818,542822,591140,555752,541859,563025,553923,604820,594699,571012,543492,563193,567598,590392,594709,547416,593572,552031,573719,552768,543630,550129,559799,551560,532140,568214,531139,534475,593389,645396,540042,537190,589756,558722,559062,580293,606172,606954,551722,581216,576543,547619,550537,578961,575261,537880,566369,567216,546544,568969,554603,538379,547217,598839,583265,600368,572914,538705,559826,
34000:559727,556112,560471,576858,583781,562271,553298,562135,611439,571351,568891,550701,571216,568566,550601,584375,570983,560582,586427,604010,622157,625334,563007,568974,576130,585740,565040,607612,567928,577925,592415,540505,580603,572910,578530,561691,550487,568123,559171,587604,588965,558938,584965,571808,587138,565976,583420,566122,567971,563031,569289,553687,574159,593697,560319,559736,594956,561130,579673,559601,573055,597645,569494,573994,570840,611486,569166,544818,562639,566017,606925,582369,569864,565999,648880,604232,572336,584666,576855,585377,597270,549581,566171,609909,571041,554493,568126,561031,560969,582343,556854,566001,583460,576544,559355,572018,566673,566528,587396,580867,
35000:590463,556927,617745,590929,570520,572835,571926,609388,577167,570505,600937,695974,608404,580531,557507,597147,583340,583867,605143,613662,567661,614675,598727,572684,652464,573703,600224,617344,608952,582192,615742,601861,626463,633982,605865,599212,601179,595041,654193,575297,581534,578531,635737,638189,602537,589634,594505,588886,582160,611601,606713,613956,599023,602423,620901,588425,572614,612169,588683,605391,628380,564082,596916,572033,603952,606228,572890,571213,575180,557976,625097,647014,592311,651535,588073,575267,629487,587806,607497,588397,575604,574604,617783,595799,609783,595279,601595,563616,586535,606644,598780,608492,576708,633410,621174,575885,591775,626007,603108,621659,
36000:641789,630645,612057,607047,639453,624539,612335,691428,653691,616050,638945,635888,596941,585945,596297,607102,597605,600198,595583,634919,603028,624690,599280,652472,614932,608361,634603,634541,583398,615761,621478,609500,593635,613298,592571,590419,614343,621832,603164,675088,624271,642739,598843,608670,611104,625766,593233,637703,674931,613448,609542,601579,631804,641544,584777,602028,602254,617676,634513,630214,611592,654803,599048,600554,617130,638872,582158,602249,591715,591667,612381,605224,625255,606355,608786,616693,620042,677262,622180,618428,637692,574898,599905,608124,611724,614112,606819,617979,594810,624530,635782,606577,612802,609395,577707,615882,653553,620092,617007,609053,
37000:616533,632441,624757,636421,621045,615057,618932,619616,658242,649353,598919,676991,634800,662473,617579,614225,680330,618116,608913,618596,618836,614231,616316,645081,619662,655618,620568,639868,627157,675075,615327,629982,626500,636181,623337,627624,653558,619337,621716,614573,656953,661031,611437,638368,672106,662871,626305,641309,647440,621318,620552,626324,616991,628865,697078,643990,655904,624842,650596,634194,638124,598187,627758,626745,624193,643051,617006,657074,651807,659750,620983,648380,622077,612557,634393,680209,617633,612206,620973,597664,631265,636955,594094,643015,634563,650099,627522,654549,646732,645206,617459,638387,628294,609535,617280,632606,661823,680806,645870,630693,
38000:668229,692182,679138,646205,679415,621683,729929,695880,648681,653212,653162,687793,652708,631931,674489,659429,657351,672045,632449,670923,664713,638941,646996,681176,678220,716576,676221,653784,730853,695676,684753,712480,664715,665989,624030,659290,648464,656210,715115,684867,656022,643362,652263,675752,653995,675622,662815,642745,703079,629929,637200,657928,653183,690260,667452,640909,671135,651826,748409,654315,658832,659560,647775,617871,668282,649213,670283,663458,668235,661731,645870,651105,639662,669898,683612,675233,650871,649810,675330,654008,708424,647965,640036,646573,678440,802281,715615,644418,642310,639262,673343,641612,625218,645196,631086,646622,656702,677401,687747,643202,
39000:656181,650855,705651,667593,652797,649094,637867,679115,700081,673715,658895,663594,704589,635777,658813,732262,662314,677221,663004,689563,647556,668006,734776,666872,685792,687085,714427,651485,644807,778987,732587,655808,678766,671144,655722,639139,658241,680340,656020,675469,704168,697877,671713,668221,701282,666604,675925,629898,666157,661152,658795,671507,751736,743504,661614,668937,638901,628094,690567,643900,646002,680254,702770,664499,658611,700451,674260,685671,679861,707646,649010,688972,714657,648603,726441,667900,703666,681355,696758,666025,708911,674208,687029,724188,681699,698828,652989,690143,662807,666433,653339,652907,659242,701101,673047,680104,645818,695713,715799,693901,
40000:704943,664370,728370,750456,776816,746883,730700,719951,687551,727628,715607,730563,688041,673838,690254,768224,711916,668727,701185,687898,710970,670571,676031,698854,670968,734257,678215,692206,723341,698599,662951,681754,688949,673631,710464,710171,683437,694349,762294,709934,730051,681666,671977,717313,683163,688319,663432,663368,661093,694232,676417,695339,761246,726542,706895,669065,683517,675248,669917,716952,692752,664802,719569,670418,722538,687068,736687,681047,698984,700370,673059,671640,681650,694390,694721,670400,685883,689714,698435,741152,704590,744697,691971,682157,685029,667597,690254,722604,703335,688651,676153,668336,688125,701102,690003,679277,676192,683957,704730,683639,
41000:697240,739985,706311,689322,710070,713409,698043,742591,695506,695827,675406,752437,727418,689945,752628,666908,742622,688963,808611,703949,691944,735968,709309,702499,726536,751748,703576,768941,762015,732302,719310,706659,683710,794409,676049,698395,699545,693774,717993,721699,689969,729941,727233,679053,719923,693478,763262,691687,716410,711568,691196,718414,696153,695154,702655,746601,712064,711535,713198,701073,690577,694245,717596,707004,709004,689408,704411,712339,680447,745319,738536,747237,712666,730948,713022,755891,738278,707337,678813,709881,705351,719095,702190,705563,795639,745116,726780,728291,721711,714244,713136,691120,715951,734341,717123,752301,731847,750249,704782,742376,
42000:727270,809331,720661,741801,718981,752673,800995,809397,711674,759003,718243,740321,783342,700407,763898,731827,717811,714238,729426,785358,717088,707943,700550,701448,749085,696151,727913,800003,741313,717320,722483,774404,729763,769605,728475,766159,700478,724058,702717,712664,704297,720430,722085,731670,722898,702896,697910,733375,705342,753580,717194,727883,772152,715266,688740,710161,705608,787747,714950,720483,696972,740858,741402,726193,702823,777205,710515,733938,700249,758983,731962,725896,748009,728287,753417,757565,718884,699660,719702,717157,723641,712176,749224,719292,715558,706491,715839,761724,731012,717356,727411,710706,740855,722936,720750,712176,720499,701252,747709,754174,
43000:751737,787228,721628,776832,747489,760925,768639,770008,747212,757596,718888,720533,732881,741754,755426,763152,808610,734164,740739,744562,733489,732967,731644,726495,741701,769417,798499,778654,733111,806979,777921,762589,734528,724889,763724,774253,783131,767495,779510,778954,723693,738065,740178,735917,735798,754723,753720,784150,753393,758782,760864,728877,732635,745439,721880,778861,785644,824953,755126,771843,910615,719014,733972,782091,723340,748094,746233,798673,778657,733192,781678,779043,747453,760206,718589,768505,792651,735916,774385,785127,734189,786398,749741,753147,713967,744562,741428,737426,774525,749171,744009,753866,806095,821906,792653,825803,756839,752646,736286,741726,
44000:767577,744158,752715,779718,785105,778843,760572,775205,770575,732419,749772,747702,788767,776402,804395,757420,785035,843750,728056,775897,774385,802651,760306,804557,773907,746604,773150,778791,759076,771670,796583,757163,806139,737786,753052,778658,789805,757692,750431,756048,805233,751084,774154,793031,771142,730853,825456,768880,771500,772557,768974,848694,773525,770698,798552,727744,773258,755868,783588,777337,774365,758394,750792,798770,844077,768531,773759,729314,812228,726602,794069,766685,778067,777704,754352,776860,737701,753883,812968,795733,764167,731417,737467,797525,781524,802993,815362,730783,765917,773843,803841,786320,770958,820588,785726,789339,820938,744767,779139,794401,
45000:776012,803183,782841,802699,773841,796370,767486,807914,807503,772311,764404,748425,778357,904489,792704,808781,774358,800503,809233,796520,789624,818070,828734,759966,770062,818882,891947,798371,794225,837110,773954,831952,760454,828780,778610,797797,768383,789997,775442,799649,799656,811129,768290,771952,827540,777190,825667,749406,787781,776576,783106,779251,813790,835140,761515,777943,759446,778774,772639,761448,832140,828125,802907,804349,757457,813262,770693,789676,795170,795743,764499,803310,822012,770124,792050,776990,763774,771627,811936,767167,763921,756436,792158,815501,745062,811598,788836,757165,793261,764764,823692,785752,747309,830974,781623,807317,788068,771486,798943,759507,
46000:791493,794028,789598,777194,775384,847944,836786,845798,818940,760884,800992,800395,842177,800143,833955,785560,797699,779554,848722,816834,852081,820974,864116,786632,813993,825568,834314,777669,796148,789572,807864,826064,800545,799609,784863,838070,842855,787900,856055,795535,849919,802756,842982,843211,768191,867894,822515,883307,798070,797161,782525,817025,805637,815327,799827,844109,844758,790102,832855,855561,878128,797638,797783,839210,813558,801749,777708,832340,857945,781375,867029,833023,840174,799766,880847,839554,787064,835789,796469,789091,860057,800794,816439,867150,775340,795662,805665,826827,776650,814772,830557,808880,797126,883714,779397,807003,809753,790690,864487,840869,
47000:856593,830316,823629,825264,801624,817025,834960,864566,798081,832611,839933,850671,820044,857922,839163,824540,916675,802912,816534,795515,814076,870107,841343,822437,828132,828834,819925,810897,829577,819788,851500,846893,864817,827157,841100,807915,819252,823258,876324,837501,807946,823576,798208,836313,858853,825126,878289,810509,791415,827247,806602,821982,827154,793003,816840,839901,812732,809778,814571,822049,856276,809346,815735,805346,798304,821884,859063,817917,873433,833618,856420,852095,794596,802170,850540,841164,823550,857523,790557,828027,825706,828827,845223,792785,838396,824574,785625,861333,784702,824139,861790,803314,810704,835318,793750,831740,832744,814847,779610,807677,
48000:912958,811231,882257,854555,834351,837102,848306,827338,808535,860780,878094,870197,866894,823875,886402,857894,844438,817178,863667,937238,834543,837566,828792,871701,842967,858584,855941,871684,839402,832567,839051,798999,873890,800671,882403,824061,867612,868318,861217,854020,873584,805365,830798,871692,836392,828145,849283,872634,864911,870060,819716,900729,876361,866172,862141,907477,845880,846143,837649,858339,860670,831299,880927,921863,909709,824704,820807,805951,888658,850482,860632,907947,880992,882177,835142,861311,865337,830598,872721,841068,809344,844401,823262,849699,888072,801509,812257,829212,866411,834551,855169,816630,824736,796878,879463,893664,924111,826315,808185,838992,
49000:881935,836671,883624,877695,861855,841396,922835,904177,876910,843953,912629,909561,838880,851752,859458,909796,838916,884084,890047,842223,931337,864271,939000,845640,845116,848120,860481,853548,883490,843422,870589,881066,911701,836900,871465,812263,843684,888065,857428,865513,940189,887535,821136,837828,876436,866376,830377,822471,852634,838389,849783,837577,876194,846564,858163,865345,884879,920478,891217,898125,892223,867590,892169,886266,932534,899552,903794,868197,896276,861783,887791,960870,866399,832175,881039,862158,923920,876039,899684,924423,856204,930686,971284,833984,849018,868463,855643,887527,902747,888276,834111,835930,832521,841658,869351,884210,854028,968459,878893,888503,
50000:917044,931993,908498,877330,913580,843158,926222,848216,852032,874002,855540,845431,858512,934472,963931,885910,864233,942450,924169,855407,883037,877592,865967,921950,921739,866737,903975,845624,948797,892604,895166,857297,861125,880640,874368,893731,876163,850811,905071,909957,853987,863206,844419,889746,912236,856492,912556,869565,887262,914483,857093,897382,875400,863126,889671,922579,869473,875490,858549,855809,887738,948023,906209,865330,870274,927685,849384,900033,859727,916948,868687,877079,864906,866991,836111,904847,902340,865024,880847,853045,980315,934740,890998,897836,925485,886197,898537,942286,876982,864774,887173,904292,906112,855589,891697,927931,888453,923017,941613,893209,
51000:966814,891344,875691,901715,943030,944439,981949,953385,914020,927019,905743,913652,895870,937099,897426,916289,988279,884402,948784,900044,859913,884856,930428,858858,890856,899215,929579,890892,967876,922775,888861,876552,897393,943177,917757,911927,960190,927043,923455,961403,891461,920803,889200,878870,894475,900749,894495,896768,864576,891730,898771,881605,887346,950717,926967,919181,964725,935626,935958,905372,901644,901436,882889,914412,890985,944590,976586,965080,884702,898232,950013,926922,929722,922744,900590,943009,902106,915673,897452,946056,882244,933481,884688,891041,915807,882738,906654,917635,899872,905189,884252,870446,985343,898085,906959,916050,908719,938549,913852,900673,
52000:904570,947062,919322,908575,906344,901389,985483,930273,935063,911517,895380,987303,912893,927935,928323,923198,931681,912996,946596,922988,921040,950048,889335,894027,909888,901326,966558,925909,956787,876664,940275,948979,956201,874627,962102,926378,993521,1007942,973833,963136,903459,938023,955568,978063,952636,942013,935990,894093,907538,1092456,1008609,961527,895652,987487,1020990,892046,984501,961846,899881,909554,891775,918935,888449,937016,954200,877323,940812,981170,929361,918906,990871,956984,914550,967685,915149,979415,885068,910017,963538,910312,921831,1013230,898822,941148,901139,900112,986245,967888,950665,930007,985092,976636,965335,945820,932001,883009,908839,930851,949375,945103,
53000:923135,929504,985804,900289,1013879,912569,933906,934926,953770,971203,993315,956138,953496,943780,922666,922080,944899,963014,923489,944477,985243,993382,910108,980490,938465,918983,963606,1007489,965321,958599,970807,993744,1048552,939301,940691,988081,956075,1008919,996153,958620,923005,999837,890486,960750,1002946,931355,904430,1012567,960724,935549,943720,940516,945323,953708,941471,985950,953576,981425,924307,983120,929101,950707,1005544,1011240,924779,942979,952466,949759,914033,952574,924202,910440,962286,936674,925802,967251,951982,918330,924285,967077,919688,1010060,898194,951816,1008672,919948,904700,943697,909228,962903,996946,924023,950782,931847,958378,944239,907372,915802,951964,935124,
54000:1012915,949173,965749,904738,907137,1036012,1001433,938908,945700,935321,979720,942565,1046789,951302,925955,987860,991284,1009997,963072,985558,965794,928264,987240,972339,952207,1001788,990029,990082,967316,938264,932685,1027709,1083669,931051,934123,932133,938227,975933,934637,953840,932000,938617,1002748,954668,974724,979205,964107,948376,942343,988260,944003,970048,945113,956957,1006362,1139927,1014014,930140,969593,998821,986973,963075,965551,935160,1071693,966301,939407,979421,1003363,919979,982109,959387,946832,926877,938872,943619,967799,1066245,941462,940616,960418,930787,1054755,989577,980044,1093341,969332,953960,971665,939980,954778,942792,969920,952067,971874,947083,932101,927995,964142,981710,
55000:1009830,1013431,978741,988232,940498,953321,962695,1130556,996422,977380,987860,1051316,967823,1013616,981899,1005374,995860,1113772,972960,973149,972427,983464,1033813,949777,946834,986860,977371,974693,986987,1090808,1078726,948593,1018685,1026705,976883,956718,1098560,989528,1025096,967070,1001647,983855,984458,1000609,1022636,996824,1014045,974670,976845,947714,1020839,946751,1008846,1016384,1068240,1005936,966060,982188,949583,985924,993131,978169,962002,1101202,1020689,997833,1033484,1008560,1067081,937502,1022718,1004379,961674,967846,989832,998272,982273,948205,972024,1064538,969224,1021201,996142,1001003,968294,980501,952057,970053,960417,994186,1031084,1092704,946121,995481,990014,932871,971730,1023340,1018715,1037385,
56000:995321,1008020,1003835,1027107,1077317,1005921,985435,1000572,1010792,1012358,1027844,984131,994310,1013341,1001202,1054834,989371,982512,1034138,988947,982723,1035707,1044446,1014451,1104306,985899,997824,1045610,1034206,1011874,992750,1055211,1040407,987840,1011870,1033399,970890,955567,986492,958553,957066,1033877,967542,1087383,1013411,1017991,1000744,988627,956156,1022114,978735,1052524,992074,969913,1035351,1022763,1021436,1001036,1009878,988557,988704,1043516,1032664,1002087,1028794,969146,1002496,1012593,1038959,1028844,1005940,990934,991941,998875,1020044,1016327,974938,1029525,1034283,990356,996976,1045860,1032654,982253,1010076,1044720,1011569,1054666,998409,970433,1016492,1005680,1055224,1010975,992694,1074440,1011709,1088443,1021153,1018128,
57000:1046675,1022462,1032789,1044259,998588,1020998,1063720,996845,1004008,1039997,1038868,1013710,1028129,1075192,997571,1018862,1016200,1063302,1055334,991855,1023307,1107463,1060571,1019988,1050521,953471,1037822,1046878,1030226,1098837,1043286,1067881,990074,1138826,1064990,986707,1033294,1077803,1032931,983587,1022057,1009643,1036576,1033987,1013371,1017024,1038770,1059327,1052735,1028388,1047433,1095495,1039361,1053234,997055,1041763,981736,982610,1000383,1075275,995135,984098,1026464,1011410,998039,1013810,1066654,1012816,1015980,1035866,1033203,995571,978813,1050143,1062229,997957,1015408,1016538,1108197,1010245,1034257,1044037,994587,989673,1037101,1035827,984429,1040412,979374,1056876,997473,1001044,1057395,988150,987528,1014509,1050000,1063788,1035493,1016493,
58000:1043034,1101084,1072998,1122751,1043625,1005142,1012688,1034848,1031574,1014063,1049221,1078380,1062938,1086032,1006406,1040247,1048229,1063191,1038206,1120826,1056718,1047912,1023507,1041380,1059088,1134592,990281,1074934,1056726,1053040,1057275,1028755,1030200,1050579,1019718,1051949,1086583,1100799,1019522,999382,1112856,993076,1057126,1040660,1027137,1006434,1041221,1040447,1136792,1042187,1131692,1044891,1115062,1060939,1042328,1164727,1140187,1004311,1029117,1066078,1035938,1004817,1046743,1066676,1075765,1095618,1077390,1008915,1123676,1039471,1058199,1015798,1063547,1012359,1025094,1022358,1053605,1024095,1033188,1044751,1077552,1067726,1133397,1011499,972946,1165642,1023162,1063059,1018577,1005308,1188116,1012425,1013907,1110683,1024377,1076734,1050573,1061288,1027057,986499,
59000:1055305,1152633,1059627,1088321,1201957,1101683,1040425,1014153,1137544,1087982,1013507,1018160,1034627,1024824,1032294,1088173,1119622,1079204,1063615,1027541,1069022,1102040,1048849,1068558,1058792,1072555,1056490,1051192,1150127,1072678,1061963,1022501,1066132,1120891,1113140,1084578,1070007,1105504,1105508,1077939,1069000,1037516,1100866,1037350,1042657,1037058,1095286,1047222,1071526,1078762,1042712,1110537,1139404,1032952,1144028,1077417,1038945,1070645,1059315,1076820,1064475,1068825,1141723,1069356,1063131,1099570,1074865,1037963,1015721,1076064,1008294,1163024,1046969,1080251,1043184,1141643,1146432,1036582,1028976,1095771,1026809,1086815,1063846,1071004,1052178,1015895,1036347,1069865,1094478,1193591,1060206,1061083,1066423,1115890,1054468,1068639,1102235,1157024,1078393,1031567,
60000:1046451,1103923,1086907,1082439,1112855,1069348,1098867,1061370,1106636,1106571,1098418,1093211,1091912,1036720,1128963,1034257,1063045,1119109,1075951,1115916,1137664,1042445,1030467,1103274,1094947,1159196,1081530,1123059,1084564,1128028,1134374,1046302,1090744,1122145,1090219,1152361,1063869,1071181,1029749,1032721,1058406,1044236,1089260,1037877,1085428,1113320,1057965,1103492,1089554,1047289,1053514,1090622,1123958,1084349,1119049,1111653,1078841,1072626,1103571,1120766,1039580,1145345,1089478,1095953,1137536,1123677,1121547,1048368,1178758,1081450,1136892,1074437,1031707,1093081,1078119,1086133,1084355,1064852,1130688,1078472,1037627,1127209,1056242,1081813,1146506,1065214,1105553,1089505,1072810,1088589,1126532,1179400,1026307,1127700,1063128,1069246,1079033,1012085,1184203,1086087,
61000:1147246,1074569,1071850,1147712,1105208,1149735,1106523,1127279,1085687,1105228,1174539,1134262,1097731,1144917,1095693,1123436,1108002,1164415,1089815,1173730,1142579,1115551,1187778,1151991,1045018,1052099,1132703,1046356,1193832,1069940,1085828,1071533,1129415,1228102,1060796,1083462,1071178,1100608,1086386,1171414,1064926,1120611,1081087,1106943,1116509,1101199,1106759,1114735,1170397,1153331,1072740,1135075,1082860,1103379,1132985,1181744,1068784,1110575,1064618,1085214,1150912,1090368,1171844,1097062,1103001,1035690,1137255,1117556,1054780,1085816,1088040,1067804,1165416,1066245,1099399,1129448,1077493,1095230,1026875,1153436,1107111,1151643,1142322,1120462,1078565,1094090,1101413,1141884,1084848,1072554,1093459,1046043,1110778,1107711,1083395,1115565,1090445,1111873,1098507,1078523,
62000:1158844,1226485,1148603,1185862,1126887,1084297,1201318,1070317,1073285,1130656,1103298,1105712,1166850,1130376,1111493,1107011,1114225,1165925,1109637,1120169,1109342,1100345,1170331,1102997,1109288,1123470,1161459,1150140,1115026,1086839,1093999,1171015,1147054,1107712,1141878,1140981,1113397,1170038,1112953,1126915,1168179,1194900,1106233,1103441,1099468,1151738,1138211,1053931,1125076,1116959,1106691,1153644,1111083,1171537,1143060,1211751,1148725,1182111,1063993,1170629,1156079,1235607,1074493,1146458,1142442,1155345,1098340,1079430,1115243,1196587,1141561,1127641,1116614,1123808,1127992,1171469,1102341,1099811,1167031,1092853,1086416,1153827,1161831,1178920,1132198,1153141,1149556,1126927,1123647,1130490,1165604,1182496,1129071,1127216,1138188,1255029,1212744,1110461,1188523,1112129,
63000:1136412,1092046,1202884,1219116,1152037,1118385,1106920,1113908,1200263,1141597,1111336,1156536,1118323,1174906,1129322,1176739,1184321,1084629,1134265,1116055,1059766,1196611,1133914,1136130,1121857,1176586,1137162,1160223,1131184,1147426,1210998,1139913,1127719,1229245,1178715,1184627,1138438,1156774,1159471,1229615,1191133,1145391,1103909,1172721,1156768,1082709,1176836,1096535,1110626,1130045,1145605,1150653,1112735,1153198,1116682,1159555,1217451,1132345,1130958,1113790,1144965,1147473,1124748,1179856,1099159,1164120,1126022,1175484,1118715,1197407,1250786,1235968,1121309,1154716,1118090,1087591,1087453,1182634,1124693,1120025,1171330,1110271,1151096,1162687,1154664,1122639,1170728,1161500,1179267,1238413,1113744,1109815,1151998,1151053,1209718,1138999,1181739,1163285,1182753,1159669,
64000:1117390,1166439,1129023,1197195,1146711,1170604,1169928,1165186,1168185,1131657,1201963,1117136,1182512,1148650,1162217,1147036,1329863,1154623,1224272,1194796,1121435,1218793,1146886,1091866,1245316,1178174,1167937,1194100,1214238,1161731,1319149,1174386,1172234,1204591,1151110,1254333,1177504,1225765,1207734,1197405,1154911,1190222,1261331,1174571,1138506,1151578,1173716,1175937,1173823,1137861,1245523,1200644,1216619,1153150,1232631,1233895,1169004,1122681,1164854,1299459,1143514,1199555,1236664,1156992,1194739,1152254,1195436,1199673,1213392,1117890,1219299,1188226,1131490,1154557,1174761,1151627,1163739,1150213,1241894,1123685,1207049,1123216,1167181,1111205,1183110,1147441,1125037,1101328,1156341,1217526,1142385,1271532,1255672,1133300,1138607,1209258,1135651,1145891,1181819,1216558,
65000:1198616,1193621,1186488,1236369,1182960,1172040,1205847,1180703,1220753,1209393,1196050,1175791,1292603,1142643,1218201,1136005,1223276,1133834,1236782,1144684,1241707,1207167,1180453,1190217,1222620,1173648,1201881,1167916,1260680,1187753,1167280,1234967,1151701,1136712,1200711,1262051,1203345,1149286,1179503,1151192,1139555,1202568,1172515,1175603,1229097,1188050,1210582,1146980,1175025,1211896,1197281,1197469,1162832,1159477,1214598,1155212,1165508,1216440,1271485,1162280,1269326,1176536,1200696,1228508,1270797,1202633,1164136,1329213,1195298,1191572,1203802,1160595,1265656,1162834,1268555,1210142,1143008,1175905,1159687,1173699,1142707,1154540,1233116,1148283,1160642,1146219,1233918,1165793,1149742,1133800,1173433,1214182,1175399,1155109,1147607,1149656,1184438,1190106,1218139,1158384,
66000:1211394,1247740,1245593,1241825,1179520,1279908,1217957,1153595,1155689,1257974,1319035,1190865,1145372,1246354,1209196,1221193,1146796,1248616,1221314,1216247,1356172,1246537,1236574,1309159,1239895,1254465,1210082,1175459,1181705,1150998,1279612,1239409,1268028,1280700,1179010,1229060,1213760,1184949,1196533,1210511,1233526,1220068,1185418,1170789,1184257,1185690,1215278,1270377,1172486,1322259,1157033,1141864,1151240,1237676,1199503,1301352,1263265,1287148,1149993,1252273,1206151,1307268,1263821,1273114,1314937,1310813,1225261,1210497,1261866,1190413,1182487,1248575,1252461,1279483,1238184,1197064,1265605,1183628,1255736,1190022,1205559,1288073,1262799,1176931,1248441,1232901,1127289,1204746,1201105,1204053,1224175,1209189,1264671,1214618,1292364,1191739,1199534,1183773,1262848,1248716,
67000:1201015,1256152,1280140,1323487,1277647,1214794,1333997,1287652,1246050,1169938,1248565,1290901,1288098,1240431,1291556,1263386,1184753,1243713,1212525,1218810,1247874,1316465,1267367,1186872,1204517,1234888,1220576,1227298,1216116,1228130,1183854,1253414,1250362,1277774,1244493,1170748,1313246,1228866,1307617,1221647,1203469,1259880,1250933,1198891,1214677,1242571,1222234,1170432,1254666,1288571,1331012,1251835,1210446,1248770,1250470,1225244,1187863,1293741,1306828,1391486,1202364,1212405,1233438,1315091,1151077,1207813,1270720,1283244,1231454,1200987,1210115,1296256,1275697,1331769,1271226,1239789,1198340,1220150,1272412,1237895,1204632,1183076,1247079,1257945,1196565,1208436,1246345,1169172,1220896,1190301,1200600,1223971,1265907,1217346,1293695,1198695,1288024,1241664,1230194,1200735,
68000:1252199,1228551,1218828,1261597,1214882,1248915,1255400,1263718,1229763,1230966,1348529,1288707,1258616,1200016,1210175,1320369,1258696,1288447,1255650,1225532,1362201,1178881,1271855,1264151,1327227,1292606,1275000,1218468,1256573,1227631,1279731,1285809,1191906,1274231,1237021,1362367,1276605,1297992,1276760,1228016,1231833,1308228,1243095,1200237,1272692,1323876,1227347,1209930,1328545,1207918,1243296,1190988,1280482,1272753,1231229,1238946,1188009,1246556,1270502,1295595,1208076,1322696,1250705,1269958,1316077,1309361,1293612,1244584,1307363,1330371,1235087,1223793,1237170,1221294,1207457,1289807,1238249,1229904,1266971,1239742,1291691,1303643,1233802,1197587,1254077,1268430,1223019,1230294,1268730,1285385,1222256,1211624,1185443,1288857,1268074,1240326,1317218,1248782,1311919,1304567,
69000:1223097,1244778,1300290,1292855,1399035,1304427,1270839,1203241,1252107,1418370,1287244,1237202,1325248,1259676,1229848,1295552,1309201,1316655,1328549,1240245,1289835,1293611,1300164,1289602,1279254,1257577,1249796,1270066,1288506,1300594,1262724,1320891,1256653,1289485,1257623,1431948,1248940,1246757,1283598,1240553,1263593,1336566,1290554,1242131,1288299,1315873,1293207,1283568,1224948,1273256,1233156,1240701,1273638,1304533,1344321,1263399,1281744,1219863,1288717,1291854,1257519,1311833,1219763,1235398,1340979,1276092,1337261,1244082,1273139,1309704,1372122,1221531,1374425,1267321,1335745,1208477,1247770,1312888,1350825,1383583,1301958,1264954,1281866,1313990,1249965,1306469,1296719,1222629,1229259,1293171,1317016,1225342,1260741,1302455,1251681,1300590,1236404,1260280,1218671,1245489,
70000:1288775,1304544,1332126,1291942,1269655,1279640,1358646,1289939,1301834,1263876,1334428,1360700,1357130,1277149,1340003,1301210,1308123,1319476,1250849,1308927,1287153,1330444,1285749,1277112,1348942,1277199,1336226,1282454,1300634,1295361,1293461,1389798,1347022,1293127,1306406,1279781,1298999,1290048,1331097,1289372,1324354,1308619,1291814,1314289,1229689,1317677,1297390,1265315,1276744,1237568,1266340,1254754,1315813,1329246,1271652,1396233,1412824,1407227,1214821,1259813,1327752,1282714,1272916,1277434,1274626,1261645,1281790,1283342,1274977,1272314,1258898,1325916,1413249,1246506,1357075,1242217,1395427,1300661,1306823,1319357,1269789,1289442,1298503,1299509,1376122,1288564,1331290,1375232,1288450,1320735,1319507,1294318,1252240,1344798,1338331,1296792,1320755,1252445,1332874,1333799,
71000:1278454,1380484,1268138,1284087,1307730,1266060,1323063,1304728,1249083,1377038,1271813,1307062,1358135,1321422,1258945,1309186,1323065,1359702,1357095,1367930,1284607,1275440,1278523,1442386,1331107,1341614,1306788,1286652,1300533,1445917,1368247,1365781,1247883,1285753,1334250,1375300,1288240,1240136,1304131,1374195,1327032,1271918,1326942,1332652,1365270,1290015,1319477,1325749,1379836,1349271,1298450,1335356,1346671,1348561,1283637,1341522,1325420,1268984,1322774,1230259,1293312,1300484,1283007,1368854,1312545,1338207,1276181,1333883,1349717,1288829,1326981,1370947,1247926,1293792,1332804,1299471,1358315,1378941,1350074,1338238,1367121,1334639,1280668,1354536,1381450,1293454,1269075,1278454,1296108,1319737,1321006,1344476,1282487,1308657,1350277,1393780,1350428,1268692,1255437,1300150,
72000:1298869,1272456,1476515,1334176,1446428,1363040,1345943,1319494,1310251,1337391,1303018,1278033,1352141,1276808,1326338,1362395,1360296,1386760,1383899,1473643,1307061,1316778,1295288,1384799,1319621,1355985,1291966,1274847,1301696,1350547,1334282,1327146,1439132,1373000,1426484,1321601,1295452,1291406,1345871,1296835,1263235,1333515,1306934,1340644,1372657,1369212,1354627,1339440,1389191,1312463,1372113,1338611,1315645,1349080,1303251,1349313,1266824,1309538,1434080,1369126,1281505,1373099,1406781,1344870,1284452,1389159,1286683,1393073,1321416,1304485,1303440,1326475,1295713,1464819,1285434,1374618,1435498,1364051,1356755,1332278,1371860,1300455,1333490,1310327,1342510,1323823,1286405,1369595,1390192,1271787,1326532,1319488,1339845,1320845,1293233,1295291,1330044,1287316,1390441,1334236,
73000:1430864,1295758,1357611,1342688,1329111,1316267,1399445,1430677,1318549,1364305,1314960,1315454,1364625,1369348,1407751,1279992,1349822,1321294,1314960,1341220,1302284,1360131,1350251,1354431,1312583,1360440,1401844,1333930,1381581,1299696,1442886,1332335,1294672,1361169,1334235,1443695,1365741,1365319,1336926,1406736,1368534,1353562,1293203,1356195,1298560,1372902,1416933,1408802,1524226,1351582,1451184,1301297,1307511,1350652,1453525,1439094,1267787,1304668,1340727,1331187,1284367,1438134,1322637,1479532,1350898,1425260,1314349,1436132,1322529,1358824,1356210,1398294,1400196,1314094,1340117,1447073,1381585,1386352,1385878,1313535,1362310,1351608,1335663,1381155,1441454,1311442,1379515,1302620,1373677,1360514,1518803,1432992,1419706,1386357,1328537,1403045,1363926,1324852,1374548,1289307,
74000:1389238,1408500,1447569,1360832,1432010,1397141,1298272,1365906,1363660,1405005,1312203,1414432,1469952,1339038,1337928,1397599,1405272,1400638,1339049,1389609,1380506,1372851,1363962,1371567,1431844,1360611,1435844,1472256,1368568,1392137,1414764,1441984,1354771,1428581,1364087,1360334,1335555,1329506,1327165,1383737,1363009,1350361,1388975,1366230,1440291,1353218,1398505,1397706,1373306,1341421,1482888,1325357,1381299,1403265,1395207,1299373,1349942,1483473,1416030,1326078,1414486,1370933,1370484,1397736,1385845,1399734,1450092,1389047,1362009,1419544,1387699,1357425,1401514,1379480,1354289,1340832,1345561,1404385,1422049,1325025,1362947,1329789,1374129,1422274,1296259,1404973,1367549,1366530,1404104,1352762,1339095,1383909,1368472,1327345,1429470,1488610,1351915,1352051,1356856,1346285,
75000:1414742,1387643,1360037,1404172,1367461,1382110,1326450,1403200,1360829,1392904,1408127,1455588,1336464,1468352,1449068,1399703,1386089,1386608,1342295,1396123,1398604,1367985,1377484,1426860,1399484,1334802,1328646,1403810,1396874,1406646,1372368,1532111,1424995,1493506,1392356,1366901,1335324,1361948,1439561,1340444,1348375,1427226,1366050,1357696,1449963,1419272,1387085,1369518,1378618,1355976,1418726,1424319,1449870,1357771,1389101,1381694,1355665,1371370,1358260,1410613,1428493,1408484,1331755,1437258,1323082,1379147,1410856,1448739,1339913,1398565,1367376,1413999,1374574,1367188,1445125,1449117,1327028,1394332,1412706,1442169,1363087,1464764,1439129,1382228,1456167,1434128,1341938,1416441,1420933,1407300,1383671,1461393,1340918,1341592,1489608,1478840,1361358,1391763,1341563,1434199,
76000:1407196,1420955,1490275,1345216,1410682,1351857,1425996,1434862,1419662,1456005,1393825,1415079,1435226,1376012,1518765,1380122,1517737,1470884,1411995,1492763,1395994,1389229,1505601,1343208,1400182,1405751,1371990,1463894,1452525,1357042,1380589,1455826,1477505,1426400,1412531,1384057,1374113,1463840,1435507,1572375,1433720,1516047,1443624,1381439,1442008,1416748,1424635,1541246,1376233,1378804,1485709,1446076,1533580,1394635,1361318,1359205,1464063,1348038,1362149,1332186,1425634,1388304,1419537,1438742,1376373,1380980,1431758,1430655,1402903,1407637,1482356,1347799,1466581,1446751,1377482,1392158,1459161,1368986,1437003,1535686,1450483,1385646,1382121,1421799,1451655,1472120,1386260,1424439,1424207,1375301,1366816,1403196,1415407,1529986,1481082,1424458,1393315,1432598,1396564,1395105,
77000:1380104,1447611,1547416,1419826,1426915,1378947,1422241,1411606,1474014,1453722,1404462,1420914,1486255,1420171,1406360,1500629,1424649,1408896,1556857,1461410,1452903,1506353,1501208,1543276,1498920,1539710,1418007,1442021,1432964,1379599,1387478,1456029,1402435,1445220,1510557,1400707,1382500,1388063,1473776,1435055,1462341,1395228,1440206,1423143,1472274,1399040,1453870,1461785,1423814,1421207,1397179,1408242,1404065,1406178,1356991,1471782,1416420,1483421,1454872,1437068,1483488,1434344,1375371,1412248,1437200,1474603,1492335,1379836,1434909,1406985,1425516,1465238,1370200,1401428,1427378,1444114,1434433,1396832,1472761,1517976,1514678,1424824,1412188,1467936,1504116,1472873,1371945,1414390,1429157,1389326,1509390,1490653,1455589,1460903,1475694,1418707,1591862,1455751,1441468,1425416,
78000:1480126,1455075,1482171,1465372,1501929,1384197,1495573,1443568,1358554,1492549,1496543,1531342,1435064,1363545,1495853,1560322,1447130,1418433,1407794,1368890,1462948,1411134,1426538,1432014,1619075,1421409,1481996,1475907,1409304,1494766,1464328,1437041,1456717,1515889,1516834,1458198,1446334,1490704,1588327,1442524,1452730,1614075,1468108,1459375,1436182,1498203,1481726,1397593,1427769,1456980,1631646,1409036,1453022,1424249,1481231,1494425,1509790,1445413,1489757,1499927,1508514,1391760,1465264,1408964,1444130,1458107,1486632,1410276,1463212,1550886,1409253,1484890,1480892,1466100,1433147,1453540,1382782,1425410,1442042,1460843,1501164,1501066,1497382,1499740,1486109,1526742,1518688,1426925,1461189,1542313,1433845,1468309,1409522,1475378,1494422,1418749,1523493,1460152,1423362,1524529,
79000:1430556,1481096,1409052,1461078,1514169,1467239,1463250,1497283,1471496,1633543,1437993,1414532,1448236,1564941,1475756,1465160,1599816,1451004,1484384,1514235,1416228,1438556,1413619,1513049,1609779,1458902,1470653,1498910,1485259,1415862,1514117,1467274,1426001,1432709,1434245,1476475,1463448,1565102,1428749,1511519,1509181,1465752,1539676,1454378,1444247,1456359,1481775,1467664,1422979,1514480,1558791,1448078,1523165,1465094,1409844,1487318,1421507,1476122,1477443,1610982,1639822,1461691,1494223,1485409,1504990,1508486,1510374,1443279,1506406,1464069,1485513,1470111,1487288,1551631,1562938,1476163,1485994,1553863,1532413,1483976,1445095,1484093,1519553,1418241,1427630,1506968,1445181,1477942,1506686,1488080,1424602,1455704,1456753,1540735,1465704,1561251,1370220,1520752,1481232,1555324,
80000:1532114,1602502,1535498,1488828,1517281,1499479,1555338,1470595,1482021,1505417,1557196,1457423,1504015,1497079,1529505,1493492,1581133,1431250,1493246,1477764,1472738,1629710,1474263,1563437,1502249,1477496,1577789,1487043,1592504,1507933,1490146,1467758,1556757,1511528,1504397,1430347,1523297,1468434,1533171,1552298,1466710,1471757,1528843,1448346,1511330,1456281,1559844,1465125,1514962,1440325,1616742,1515788,1524619,1527253,1507529,1536084,1463776,1560103,1616971,1504929,1465573,1428558,1567051,1490370,1452885,1570949,1610947,1487789,1430642,1537563,1602256,1498146,1528993,1638277,1586614,1479302,1422579,1481319,1427577,1468331,1532960,1463240,1497659,1524923,1513513,1480596,1448577,1547876,1527173,1485440,1593030,1506766,1515882,1465020,1468727,1530054,1418872,1440321,1495259,1556992,
81000:1459769,1670811,1578995,1526458,1476425,1500701,1506745,1513996,1474093,1510598,1527011,1499773,1458447,1539499,1428203,1592682,1449025,1559501,1501479,1545095,1572169,1492021,1472262,1507624,1492811,1609584,1459024,1490224,1542293,1465820,1573523,1452025,1589418,1511200,1544491,1496930,1513219,1552301,1529352,1521858,1477265,1468160,1641877,1543490,1474342,1541643,1496619,1522601,1525699,1548523,1531196,1476610,1527939,1511866,1559859,1478147,1525642,1501845,1526397,1556076,1572020,1486727,1541254,1582433,1563560,1638498,1485539,1486266,1452623,1530069,1501604,1534887,1539287,1567924,1610033,1501457,1559580,1503247,1485920,1499691,1534059,1498062,1455190,1480334,1559062,1461358,1578955,1595169,1503585,1438558,1504216,1487602,1518356,1480187,1480236,1575847,1555831,1533727,1482969,1563306,
82000:1528574,1476156,1585787,1491410,1496993,1578405,1501287,1513075,1562495,1525162,1586262,1555298,1497772,1562996,1516192,1622619,1482626,1514757,1535067,1527435,1545532,1469879,1508699,1497722,1567840,1507465,1660887,1534376,1494961,1564153,1507050,1560481,1578932,1628904,1637866,1557657,1577697,1478847,1518730,1465103,1604727,1523999,1564596,1532377,1601856,1519191,1542900,1590373,1452473,1524583,1532514,1561263,1493154,1556964,1536844,1523084,1457114,1492201,1568768,1593428,1658137,1524808,1549164,1546789,1511113,1499641,1567617,1529896,1551544,1574358,1512257,1547736,1505788,1527471,1581053,1623828,1511853,1529547,1510118,1596982,1477956,1521787,1536364,1615570,1529796,1544787,1540010,1517100,1532747,1546394,1497551,1721568,1600693,1503646,1489670,1518753,1597450,1520930,1498918,1521893,
83000:1573642,1630082,1570639,1594631,1711958,1560402,1552938,1498128,1575572,1592135,1547162,1763978,1535134,1546618,1568397,1540169,1525439,1554469,1588679,1591898,1553332,1563183,1525272,1666393,1496163,1518798,1689352,1555184,1620310,1537274,1557731,1621612,1524413,1536637,1525498,1581741,1595169,1526299,1612422,1596210,1636717,1612181,1534095,1543626,1535451,1583791,1655768,1530888,1572504,1512008,1542078,1531782,1599237,1584145,1563300,1571090,1512772,1579383,1502173,1639269,1560502,1496256,1551300,1611556,1557556,1454903,1517003,1558394,1551022,1536771,1579442,1537663,1608339,1563925,1592493,1482323,1546092,1634228,1587249,1682084,1624869,1536192,1622843,1556149,1562533,1727951,1537725,1633786,1525309,1648116,1670842,1607598,1569368,1569791,1495390,1532768,1561125,1591173,1579297,1547482,
84000:1611009,1587376,1554754,1556402,1600171,1515396,1594764,1568724,1542162,1596872,1613932,1527932,1646498,1527767,1562580,1642245,1590647,1583289,1628123,1589055,1552951,1630174,1553282,1576943,1587931,1596327,1550183,1661497,1614274,1578895,1573093,1600534,1538783,1584648,1756601,1574027,1636012,1590021,1506438,1585564,1596022,1578562,1559640,1564500,1585560,1635378,1636899,1623557,1527481,1529703,1629401,1541983,1550311,1613657,1575789,1535206,1529740,1583634,1575966,1622390,1523249,1690331,1583679,1588783,1712815,1564303,1591097,1550308,1692869,1528036,1647104,1608420,1562751,1677322,1612364,1544557,1504074,1617765,1561762,1548673,1522732,1546445,1608986,1570234,1493938,1582399,1517603,1549318,1543303,1561554,1543029,1583427,1552414,1610354,1520888,1590260,1671847,1602970,1545351,1577513,
85000:1612787,1562599,1694799,1667006,1546451,1648397,1630119,1651566,1654280,1685262,1680633,1594055,1641927,1656084,1670561,1614600,1574233,1570056,1636526,1570786,1625942,1685306,1742202,1778166,1601723,1592077,1567706,1560777,1607925,1555028,1523024,1599814,1675083,1620443,1577067,1658006,1564988,1560255,1712312,1541689,1592235,1591458,1611104,1538821,1539834,1644230,1680290,1558777,1608852,1594850,1740045,1575379,1566442,1572118,1582451,1679359,1623508,1643672,1590289,1594011,1537428,1615879,1566740,1683820,1623233,1614522,1654296,1612490,1576998,1554652,1631667,1601893,1745982,1694264,1567508,1564008,1676734,1619117,1682920,1574805,1597447,1697385,1553041,1503545,1600032,1553525,1595421,1601824,1624575,1547890,1560069,1535491,1609927,1640747,1744869,1643674,1605560,1645673,1599746,1598356,
86000:1540770,1645088,1559123,1699809,1593957,1616545,1622436,1677610,1601955,1733310,1624665,1660913,1558088,1640485,1688528,1730738,1682948,1619580,1612347,1613174,1640152,1627440,1561064,1627163,1609698,1556718,1536960,1616972,1646841,1630320,1614143,1609275,1692569,1691792,1594440,1576394,1583788,1571760,1657395,1628213,1667002,1617652,1659004,1612005,1613184,1607668,1641614,1587261,1705777,1639164,1631858,1615463,1681585,1625588,1624882,1648069,1590208,1653633,1630890,1604734,1630646,1624866,1592699,1557595,1626840,1620759,1628986,1565179,1628995,1586920,1705106,1562157,1559727,1524645,1632795,1634182,1637369,1600217,1608195,1619157,1605645,1579782,1591183,1643411,1620777,1593631,1648783,1615632,1559503,1677984,1611435,1592698,1578941,1561999,1624926,1586928,1659908,1676903,1605551,1736016,
87000:1670098,1718765,1666803,1600922,1646375,1705037,1644151,1687322,1556104,1602619,1693699,1607759,1653501,1700477,1616094,1636279,1596671,1762232,1626094,1674933,1660449,1673334,1714093,1646438,1695055,1747156,1679641,1640976,1582052,1564659,1632183,1818015,1604726,1646864,1581667,1592200,1699758,1735289,1633143,1689862,1737606,1707312,1574500,1639570,1591487,1623424,1617088,1613325,1608120,1627532,1575982,1608771,1607307,1731926,1595211,1603584,1763304,1665589,1592247,1747302,1591314,1591063,1567969,1704355,1591564,1738755,1662643,1621970,1651536,1663891,1733346,1630395,1655617,1701716,1718738,1748454,1700360,1582358,1690532,1608313,1712523,1650183,1595813,1647566,1701264,1809469,1608967,1605456,1688486,1814863,1599921,1546887,1650438,1658850,1617211,1606912,1679121,1627727,1692742,1659265,
88000:1690548,1631935,1747189,1732054,1789015,1622085,1715501,1716482,1713571,1668665,1616922,1758504,1791822,1699415,1679053,1769457,1601840,1702538,1653359,1621459,1707459,1656626,1670694,1686400,1692310,1619052,1766562,1614314,1852659,1635576,1698618,1817278,1699508,1717623,1595083,1704850,1728557,1742199,1678424,1722905,1626400,1695663,1724891,1642716,1617035,1643182,1658265,1659396,1642688,1671517,1628923,1706989,1658974,1624474,1607341,1687915,1667231,1631851,1753825,1631524,1619816,1705681,1697427,1620641,1706559,1651682,1751457,1616197,1743438,1632229,1618581,1592042,1680967,1658440,1655568,1714571,1737003,1653754,1662315,1736129,1605026,1615125,1672360,1617391,1665425,1683656,1587122,1730838,1604598,1779407,1666166,1592018,1625030,1693993,1720097,1636528,1805087,1583626,1691478,1675908,
89000:1784081,1667895,1679102,1802247,1634056,1714126,1671334,1646462,1797143,1628091,1824191,1683293,1786702,1779846,1672837,1652222,1680433,1756212,1700161,1702484,1685338,1684704,1726118,1668214,1738358,1683841,1725426,1723179,1741176,1647455,1624540,1734125,1669609,1662705,1628676,1635887,1696449,1696969,1652785,1636505,1669067,1684051,1617978,1712746,1750955,1706852,1741387,1799308,1664376,1767700,1689850,1648252,1728903,1628254,1705024,1705964,1668318,1687860,1748268,1716283,1669758,1665353,1763047,1579142,1754279,1627203,1646200,1727149,1636839,1612940,1651539,1584049,1734674,1649395,1842044,1631283,1717086,1655368,1673929,1763199,1632942,1591446,1746675,1631774,1660739,1730493,1625506,1628089,1665452,1645475,1726134,1610725,1673298,1653342,1624227,1600417,1628899,1822392,1755735,1762081,
90000:1738117,1757008,1712401,1898619,1711414,1731858,1691024,1710602,1798827,1914134,1664701,1693073,1783775,1687374,1648297,1670147,1703112,1671493,1685692,1764365,1721542,1776272,1825343,1752083,1710888,1623569,1722511,1762989,1675362,1721924,1640558,1712276,1685499,1778445,1755404,1649758,1918435,1735829,1692918,1806182,1638411,1702326,1649236,1684619,1737011,1739231,1720844,1752563,1744972,1745010,1814237,1731937,1756835,1659498,1710703,1661577,1755617,1639388,1728042,1616837,1706883,1779155,1682969,1809477,1744796,1635238,1668560,1725492,1670316,1785169,1682174,1643764,1666382,1669027,1617195,1707356,1643545,1680252,1656740,1674515,1796575,1711108,1788880,1771836,1756717,1657667,1734584,1742546,1698518,1734185,1731427,1658729,1744744,1647474,1758758,1679849,1685386,1850352,1648836,1694888,
91000:1734079,1751043,1664122,1712507,1901221,1702961,1745618,1722047,1760532,1709566,1847504,1807274,1794848,1741484,1659466,1717863,1745852,1750056,1892579,1685640,1742498,1716479,1680491,1727273,1763653,1669876,1732080,1813423,1653061,1764401,1727225,1843511,1811031,1782233,1727906,1733432,1790626,1752658,1696954,1718229,1730202,1729918,1682187,1889985,1725177,1723240,1779289,1842815,1840657,1785179,1674321,1842159,1652220,1837460,1835080,1719001,1683852,1756992,1724609,1845664,1649577,1785177,1730357,1779717,1680210,1710912,1697599,1665800,1658443,1752073,1734241,1675241,1664544,1733026,1741708,1892268,1747604,1782276,1744251,1680988,1667555,1674491,1701091,1724405,1661917,1726121,1799570,1682379,1722695,1643893,1833478,1731897,1658034,1752242,1737221,1676155,1745642,1758980,1735746,1821970,
92000:1772595,1717894,1915153,1734960,1772800,1698366,1750199,1717443,1715441,1697141,1784534,1735437,1879500,1816092,1732717,1760708,1676381,1805517,1859951,1739689,1799907,1830524,1824846,1717214,1712349,1782566,1749925,1793284,1732200,1787227,1741944,1876018,1870989,1700516,1676577,1689563,1674231,1754756,1747680,1675567,1738499,1809288,1860221,1795490,1708338,1707513,1710559,1817587,1769981,1799700,1730532,1710283,1732129,1691412,1850848,1699339,1709986,1817953,1769538,1693857,1807992,1742175,1763434,1781002,1729624,1677722,1707310,1706696,1729842,1688003,1679529,1751295,1784160,1687701,1787984,1671760,1748365,1707421,1731582,1768922,1734618,1728192,1792317,1749611,1723137,1726105,1701696,1774296,1745968,1697475,1695240,1706857,1717037,1689618,1699287,1789780,1715900,1717411,1675831,1749621,
93000:1879835,1731204,1757338,1948194,1792961,1838925,1878377,1770464,1779096,1773302,1853855,1680088,1669832,1768780,1841186,1823799,1761036,1754471,1848779,1747937,1700300,1820074,1836581,1687088,1858227,1882835,1801810,1880361,1737508,1856172,1738593,1793770,1765299,1715386,1706845,1742992,1715320,1750592,1716341,1866935,1725887,1851744,1784883,1799291,1825590,1783516,1785998,1729760,1813315,1694960,1750274,1738782,1742433,1774820,1724677,1750951,1780352,1807468,1751742,1800115,1669485,1765076,1857269,1880190,1790082,1811508,1681589,1760815,1732730,1686108,1727282,1791069,1662611,1783422,1701313,1834782,1819833,1710924,1711525,1785289,1749191,1791529,1891692,1893328,1735035,1731378,1799757,1774416,1828843,1698120,1880234,1826451,1756084,1774871,1753591,1746541,1745743,1724144,1758539,1719743,
94000:1796751,1839553,1776543,1820920,1755834,1752103,1926001,1731079,1747551,1815062,1759088,1803941,1763516,1779087,1756368,1680407,1852648,1738965,1805469,1762707,1767768,1801821,1738041,1799871,1832573,1737392,1886184,1721863,1825141,1770938,1772390,1818329,1867850,1739541,1781726,1792232,1826648,1713301,1792293,1767058,1734870,1922288,1737857,1782617,1776649,1762682,1846539,1749196,1826985,1743493,1748784,1808927,1691311,1793188,1761551,1877571,1798513,1751844,1927459,1812200,1736773,1836198,1819347,1737131,1748840,1862799,1766153,1831387,1833233,1781297,1759195,1846523,1857206,1791722,1736476,1788688,1778416,1816125,1874361,1816725,1763954,1759684,1750188,1760440,1773943,1769833,1783114,1854710,1786189,1736605,1813119,1777954,1794011,1800320,1926502,1883646,1787746,1812947,1772634,1811048,
95000:1767061,1759222,1792690,1915138,1925644,1725092,1866992,1754773,1789711,1737762,1769781,1732436,1885164,1986572,1740885,1770148,1829327,1768133,1766556,1803981,1841949,1813310,1753667,1738429,1714066,1793167,1776792,1735395,1864094,1730842,1808180,1736669,1815235,1792938,1798056,1800338,1893707,1802374,1772921,1745786,1759328,1861862,1806349,1764625,1824292,1802007,1802535,1826061,1817333,1894843,1749870,1859110,1800624,1866305,1736534,1923749,1875299,1761715,1802580,1873739,1832334,1783198,1787751,1775016,1807022,1869381,1820470,1904535,1947961,1798682,1864059,1879108,1791356,1849761,1851814,1877167,1759754,1722782,1721814,1857308,1863754,1721486,1781567,1770054,1936163,1753926,1874341,1835568,1774181,1829078,1791985,1923111,1820563,1778165,1839587,1820323,1754301,1912090,1843035,1702516,
96000:1831152,1788463,1825028,1965554,1889827,1887504,1822841,1776852,1805616,1744555,1796270,1747219,1851318,1741063,1867055,1904890,1816423,1792454,1904940,1772720,1753578,1835363,1814071,1825355,1899024,1810292,1837338,1831385,1903369,1946915,1871028,1810279,1895127,1803299,1819936,1842955,1804388,1794072,1842838,1832615,1830163,1832677,1776849,1799007,1777640,1848175,1790061,1816502,1891899,1857100,1731812,1755295,1846111,1827165,1827965,1850651,1805562,1815939,1765402,1831473,1867415,1847110,1841290,1841806,1878595,1820371,1858102,1914884,1855099,1889231,1794446,1790618,1904281,1847013,1767687,1902879,1791703,1818033,1815788,1802233,1791037,1987375,1827171,1789474,1808503,1803279,1807398,1811580,1975130,1785141,2009662,1836995,1878457,2134749,1889483,1908672,1964164,1956595,1788448,1818767,
97000:1827563,1825134,1815164,1811723,1874421,1875841,1890584,2002897,1845195,1785927,1758002,1798787,1787436,1803410,1822065,1824713,1866948,1831055,1846035,1805988,1856103,1766379,1835314,1845785,1913264,1854471,1862835,1782808,1825349,1778914,1803738,1929304,1855937,1974546,1804208,1938663,1866913,1914240,1839480,1775217,1832195,1842492,1759599,1842773,1863489,1903838,1850778,1813559,1837405,1833253,1889268,1830345,1859306,1935693,1978630,1901888,1833791,1903790,1816712,1804708,1857889,1977055,1864774,1794074,1863732,1825692,1890929,1804235,1823758,1905480,1834175,1829749,1906596,1878018,1810311,1858986,1930003,1861892,1813575,1868991,1782571,1870908,1760374,1837785,1920932,1818269,1866078,1781484,1845370,1919968,1903063,1839570,2003388,1871153,1822349,1898762,1830742,1772635,1975818,1891517,
98000:1950207,1989351,1800824,1821316,1898681,1969952,1821539,1845029,1927103,1848897,1862604,1899468,1816343,1788675,1838165,1934428,1797058,1904317,1824651,1829587,1771586,1862439,1879288,1888610,1907430,1872956,2007982,1901793,1855913,2097382,1871070,1846259,1922453,1803352,1830890,1785212,1915851,2091251,1994303,1828126,1943731,1844078,1847648,1864659,1896673,2241517,1899037,1844620,1915954,2017179,1881199,1905463,1864683,1811956,1888898,1921851,1837686,1849955,1954486,1783521,1807522,1991342,1953205,1841801,2029923,1880012,1836405,1890620,1932643,1954786,1930771,1918594,2066100,1860136,1810759,1774390,1841186,1966042,1842083,1907216,1871312,1853619,1870255,1849127,1882487,1861136,2002739,1800664,1918627,1769739,1844965,1876558,1894496,1832766,1832899,1818798,1832531,1863066,1904105,1853006,
99000:1868837,1966580,1946763,1851448,1847094,2139626,1998059,1927166,2012628,1858203,1947561,1863954,2077835,1869630,1887331,1844901,1865130,1882510,1991934,1827877,1847674,1917518,1894033,1933720,1839350,1883109,1905718,1934429,1963604,1879660,1881128,2072634,1855172,1976437,1850586,1898717,1959923,1863300,1861341,1977077,1980405,2027178,1844206,1831533,1877076,1898669,1904961,1833522,1843799,1921225,1892771,1935798,1865152,1962562,1877212,1832591,1917556,1875864,1781119,1929223,1803638,2108744,1858620,1927681,1905867,1870008,1889724,1846946,1857771,1868868,1862645,1883461,1820137,1975365,1850339,1965339,1922651,1911276,1804305,1849804,1898273,1899111,1912943,1892220,1840034,1930139,1896581,1791026,1787410,1976102,1938567,2096874,1833285,1842483,1861999,1912166,1950881,1856377,1963523,1835377,
100000:1871170,2026870,1962890,1850673,1886882,1908610,1911788,1894188,1912374,1844584,1965849,1964920,1876502,1970222,1882973,2058757,1839636,1976310,2066905,1866642,1879687,1953380,1907056,1865667,1878223,1935606,1952570,1987026,1856781,1881563,1886664,1876049,2142720,2066975,2003052,1979774,1830609,1984617,1865233,1880579,1873173,1847849,1995326,1916123,1946283,1881477,1862980,1851788,1961888,1889038,1930470,1919749,2046084,2011285,1933627,1842217,1863533,1933330,1957797,1892231,1911836,1917140,1953502,2013127,1957216,1889488,1872083,1795537,1858699,1875911,1902664,1912046,1912954,1947339,1870053,1921526,1971419,1875235,1937079,1983554,1897355,1861357,1986575,1903931,1868294,1910664,1948870,1869006,1842412,2039876,1980386,2048445,2004965,1993254,1961264,1846373,1906016,1885749,1960584,1894809,
