8
1000:9969,10044,9388,9125,9795,9880,8589,9454,9567,9491,9687,9013,9565,9023,9693,9835,8938,9655,9415,9672,8958,9932,9901,10585,9461,9149,9596,10113,9221,9660,9486,9340,9678,8777,9454,9417,10154,10370,9287,9085,11400,9604,9303,8810,9108,10094,9302,10155,9087,9147,9518,9845,8554,10053,9442,9361,9814,9091,9530,9766,8747,9536,10753,9797,9634,9261,9513,10194,10128,10028,8751,8902,10111,9675,10250,9220,9068,9705,9529,9575,8343,11470,9157,9618,9079,10231,10400,9603,9420,10812,9804,9327,9991,8865,9283,9023,9201,10767,8997,9390,
2000:20821,21730,19697,22321,22066,22837,21183,21331,20388,22995,21765,23257,25357,21610,23023,22121,19287,20867,22538,20774,22266,24989,21189,22382,22227,21412,21493,19778,20884,22519,22675,22166,22296,21185,22163,22999,21707,21137,20878,25171,20423,20434,21354,21028,22544,20374,21619,21638,22779,19989,21368,22120,21309,21460,22273,21939,23612,22584,21724,22146,21648,23458,22892,20574,21773,20330,24317,19815,22177,23121,23120,23754,21204,21562,21600,21469,21595,21626,22406,22621,21287,25107,21147,23375,20592,21696,22112,20392,20349,21949,20205,20882,20388,22793,21708,21352,21394,23031,22089,21378,
3000:39017,36861,35154,36045,35487,35681,37867,33702,35534,37692,32230,35148,34031,40172,40226,37552,34306,33342,34037,41896,33648,35693,36598,38676,35356,34208,36326,32147,36003,34406,37131,34495,35718,37107,33487,33087,36865,36423,38775,37053,34890,32787,35549,37354,32737,34328,34711,33805,34112,36890,34583,34860,35765,34571,34383,37751,33508,33477,36848,36658,35200,35579,33449,35886,34194,35067,35859,35393,34638,34035,37803,34866,37001,38361,36421,32489,34282,34086,38328,35681,34142,32980,37920,35254,34852,35118,39359,37550,32152,32575,34019,32999,33944,35690,35585,35757,35148,36053,38964,34828,
4000:46629,48390,49727,46227,48112,50934,49310,45609,53272,48307,48420,52294,57595,47386,50415,49384,46632,49813,55998,51359,52555,52162,48449,51016,45903,50332,48638,45682,49647,52955,47985,51433,47912,52765,50302,57134,52365,45303,47237,49241,45971,46345,45542,53988,48074,47887,50424,52115,51895,48831,49297,48237,48790,48878,49617,48861,47465,49503,47277,46891,50097,48772,54110,50930,51384,46478,46904,49350,47699,54448,52888,47970,51243,47502,47589,48029,50839,49525,47012,50568,45600,49959,48891,46750,48903,47855,46694,45520,50397,50218,47367,48108,50784,50712,49623,48682,47636,47000,48197,53337,
5000:65097,61482,63272,63996,64856,64738,63771,63442,60598,58549,63746,59267,64835,62023,62571,60100,64910,60846,66738,67342,62112,58904,58258,58071,65916,73932,62877,69662,66386,60944,64212,65629,64018,58279,60548,64353,60214,70180,65358,68046,68057,64137,63138,62653,60840,59070,60099,66145,60643,64521,63153,64753,64882,60607,71845,62185,63940,63598,59342,64651,61918,65308,65653,62372,69130,65350,65845,65269,66054,65460,64139,65924,62625,68185,68374,62330,63331,61759,62038,66519,65286,60774,67219,66412,63323,64466,67780,60831,67090,63319,64397,58086,60527,70815,72469,64660,68658,64733,61624,63988,
6000:74540,83253,77601,80218,76730,77721,78879,77952,81148,76010,73910,82926,80343,77774,76900,83499,71064,89056,78978,79974,78855,74428,79208,81711,80372,80874,80230,74629,81963,71935,74163,75595,77944,79048,81946,77053,78693,88951,75948,91884,82823,83976,71521,79608,81651,81391,75811,75687,80369,74990,76775,73700,85791,85061,80272,80128,82555,79464,77173,75640,80194,76096,74933,71007,84720,83235,74365,76630,77776,78866,78874,80496,81898,78023,79166,85487,92119,77880,81653,76302,74400,72649,81259,78759,82320,81492,77727,83004,80157,78267,78997,75073,76084,81062,77586,79068,72648,80843,85157,73687,
7000:92265,95218,95517,95935,102630,96960,92503,93603,90210,97658,101255,93823,101619,92689,93000,96805,96036,89365,87549,93829,96164,92460,96404,94166,93791,97835,88680,93965,95324,91315,94054,96902,89059,95123,93288,93618,92759,95353,97482,92078,88658,99064,89768,93434,85874,93780,97227,92168,93952,93118,91873,94216,94680,97210,93890,96068,87170,93199,93197,88563,90152,88117,94499,94127,103199,96345,87386,89180,100839,95270,97378,93266,96769,89673,102546,90168,92735,100410,92178,95266,89927,107617,96036,92853,94946,95448,97939,87226,88473,94409,96644,88716,89723,100162,88863,90672,90075,87793,92838,97377,
8000:108334,104105,106805,105105,111761,104591,114239,102690,103038,108696,123439,100226,110365,112539,110076,104326,105734,105161,101015,104269,118572,116359,106430,111164,110078,116093,121595,106655,116850,107108,103813,109140,115624,104543,117568,105329,115716,104252,119208,104286,115325,109638,118681,119179,108853,111684,107679,110297,106439,112036,107747,101886,110750,104175,120141,110336,103614,109720,103588,107811,115235,110270,109084,105292,111026,112965,116264,106274,113888,107560,105814,101967,111214,108604,116436,103376,109681,114656,110339,106121,103181,109217,110089,105232,110376,113161,111191,123156,104975,112894,104880,103527,118563,114590,105655,123479,128536,115266,109371,100500,
9000:129820,119504,116967,122844,125449,122337,122882,115290,121199,122039,121216,124645,121700,124423,120808,126925,127944,124854,121913,126875,123364,118728,122040,116619,119535,121294,126450,137512,125373,117799,127063,124684,117503,118832,127072,120537,122716,124857,126531,126099,124382,122957,118916,130645,119034,135684,127038,116766,131118,119981,126804,131285,120272,125463,127685,121078,122594,127693,127144,116964,119281,128780,118029,124173,124774,129565,120443,121344,124236,122105,122477,119002,129594,120542,129403,119621,124937,117452,127275,123215,124666,119762,132382,118445,118696,117415,115106,120869,128216,132288,117270,130643,116973,124059,119705,123145,124001,124783,128939,122233,
10000:141735,156055,141132,136998,126476,144978,134116,145052,138376,146781,136291,135612,139434,138556,150122,142694,137808,140698,139672,131983,141424,140599,139300,140960,140273,138690,136194,144322,144469,139985,132959,134793,135837,137536,144460,133421,146275,142877,142514,131906,140491,153700,151369,136778,142696,135810,140369,145087,137738,139084,137909,144248,142578,149995,140928,145083,132695,153501,130816,141423,141184,135126,143087,138621,147549,134328,148490,142644,138369,134567,139522,143535,143877,139300,143873,132250,134752,132869,137722,149931,150810,143157,140830,137619,139464,135824,135992,143272,141572,146978,134848,141869,142567,146095,147206,160348,135872,137491,143026,150574,
11000:164925,163025,168095,158543,157656,154671,160568,159488,159829,154794,147414,160952,171808,151232,151953,163882,167373,155670,159953,155605,157140,158281,154212,155167,172597,162762,150061,154385,148862,161850,160039,152745,166579,151439,170189,167316,171741,159907,172293,163704,153073,164704,151438,150290,159280,160018,178150,154514,159519,158473,149831,161397,154969,150105,164562,152602,156034,147337,158649,153191,162106,167461,162471,150708,153063,143591,157889,157794,155097,153905,173304,159995,154154,159545,151826,153989,152668,169847,152058,149477,159561,155820,156772,151279,150523,154203,156940,161703,151086,155522,156183,150508,157071,152205,153925,148954,150901,164623,159296,153438,
12000:169928,179763,193523,186846,180004,170256,195986,162932,182498,178811,177266,171381,169434,167471,187094,167090,171740,179741,182644,164969,183879,178501,197058,170190,173680,166694,172167,179688,166473,178390,187330,168157,170788,182763,169302,184141,170702,175577,177284,173833,184326,174608,169120,174949,181026,170961,175698,182447,168928,166850,172353,171633,168515,178590,171859,179177,179141,176445,177698,174142,162948,167039,174117,172543,167050,167370,201807,164891,177425,158613,184612,170304,196834,178702,179904,170508,171650,176554,165173,179797,181045,163662,162944,175510,168733,172804,163279,177515,172608,179678,165981,170949,166709,170665,176392,176723,179313,180009,166113,160373,
13000:184907,182564,191276,194249,193038,183983,193608,180560,187382,214494,212894,197550,180875,182184,183472,183384,206480,204276,195690,193685,189308,188907,188530,188070,186249,201120,190610,188336,192243,187390,191936,183135,180399,193438,201784,209096,189782,194914,221422,188673,195727,184839,177153,181049,179777,190448,198410,188913,175889,186475,192846,187888,185894,191139,194830,188889,197292,184220,190468,186773,185421,197119,181821,183082,192006,190312,185737,207823,201329,197417,188843,198357,180951,192989,190843,188836,192535,187849,181393,191423,187997,200772,194946,184204,202641,189097,201694,180760,197791,176396,201949,193927,189672,181601,188470,217233,189731,188644,195895,201778,
14000:196376,204442,210991,212542,207574,205512,195815,208029,205152,224793,197233,229255,206113,201702,224057,199860,230238,202794,223462,200757,194458,202356,209520,203100,212145,232683,203563,234114,205246,209846,208839,202035,208949,224379,204768,203852,206268,207426,236709,205134,201061,202274,208174,196045,214403,198712,195094,207698,195157,201786,212092,200416,200495,210413,201709,199654,198988,195965,208182,200963,201297,204696,215054,200523,199463,214786,211264,214643,211240,205945,205698,214593,200398,196115,199840,228420,205648,203268,207876,198083,228651,200909,200332,210116,216981,215783,211878,202873,195261,226543,198342,209085,204296,206176,208035,224118,200546,206849,209073,206248,
15000:218228,226457,221940,256601,219325,226153,215724,226181,219199,232591,232487,224177,251507,216616,243322,215929,228309,240919,225540,222289,216575,245404,235958,239159,232636,220974,238327,217842,232224,217925,219269,219470,223792,220744,226320,220814,234509,228105,216294,213871,223198,248493,231589,222015,223336,220271,223351,222673,225789,228701,229580,217769,232223,225732,225060,221871,208443,218220,215344,220089,232617,215825,221755,230463,233357,219255,226661,213943,223733,220736,230675,218500,222594,230648,215981,227360,213696,230084,217616,236597,220192,223319,228275,217872,238963,213019,237244,228060,250165,222394,218856,214925,222024,222635,231258,234648,219484,234805,222879,213813,
16000:227213,238953,232696,252833,252979,255248,250831,244653,226880,229772,268626,246412,249842,253161,241440,228637,231135,236365,260815,230282,245584,233951,228176,241367,260206,240348,239367,255820,247604,235024,226960,259625,225554,242519,231189,234534,238132,249909,231988,230931,232641,240934,238505,250885,235191,256644,240344,244779,246599,239782,239344,233881,234330,243011,240201,266142,244357,238730,248801,247839,241023,254616,249452,253560,232566,241974,238203,238346,233004,231337,246998,230829,240842,231268,232901,250868,234240,234254,247500,248843,243087,254021,244875,242480,243814,258859,241678,233063,233880,260490,234480,235276,245114,238118,231474,226952,256549,264962,234653,244242,
17000:257594,257906,253139,266239,270132,251835,261247,251986,266471,242887,260066,261678,283527,257097,262546,253113,248392,263559,260705,254783,250495,267219,255616,250130,267835,249085,256274,273880,252180,251994,262062,243384,268121,248796,258478,260139,276458,263536,261518,249141,260293,264783,259723,250880,259440,265158,237886,255799,260187,252064,259361,267178,272200,247866,259541,259807,241576,240474,256326,261723,259474,249815,264153,245426,268312,240486,252741,242409,274335,248069,249826,253678,244868,249952,240182,265441,263420,264605,276977,260839,261151,263889,264287,261059,239308,244265,256757,273987,253757,266820,268704,255479,255480,250053,264121,264087,260482,257367,263878,273940,
18000:285963,271236,265219,286944,270144,270358,265903,274611,281492,301213,266812,287455,285447,268322,270106,262211,276767,272073,311140,288300,255749,291759,288120,274206,269610,276707,281240,262193,267095,280487,281454,273594,275410,292523,278644,279975,269445,262971,259970,266704,286997,277324,305306,294584,260796,275228,295465,265653,262455,279434,283506,281254,283550,266497,275688,280709,284773,283419,278748,271642,267423,266868,265150,269489,278280,278650,276692,285438,272747,259356,273680,268927,282928,294235,265257,274778,269641,290982,275141,276725,277836,312689,261349,264084,270866,263234,265708,277165,267281,269448,277769,275009,271851,272641,267499,279703,263185,304087,282358,276592,
19000:288481,287446,291596,279832,319286,298239,316711,277390,304535,300170,276873,301881,288539,282677,328547,287348,293493,413991,307370,294297,283491,290838,289810,285954,311363,294169,302935,302424,285745,304880,284193,301344,304305,293805,305153,293790,316285,279236,278256,319443,293603,296021,301074,298600,306852,305602,309946,287409,304209,275080,293253,278769,284696,277919,293591,302364,295272,293523,284002,274871,315715,288433,287756,288102,288161,303957,298414,275473,289055,277379,321287,290178,317554,314713,284311,293526,308123,298012,285436,293846,327380,312883,308880,286978,324219,280439,300131,293051,282053,278252,290201,289486,288251,298101,312851,296758,291721,297727,311619,286571,
20000:315404,302007,320137,313881,310860,322140,320948,309702,304447,301604,297495,294367,317928,317239,304666,320206,306075,316197,305190,346026,303787,308476,311364,330292,302600,289918,326227,326936,300595,299121,300951,308789,296028,298383,300413,309998,297881,304046,314963,288553,326156,321463,310982,297842,326320,300751,293608,305229,318164,303629,327466,296399,338271,301731,299011,326377,311501,301758,323332,302677,283109,309113,299330,320742,295615,294234,326669,308025,317028,311940,332777,304709,295147,304603,300340,312132,304258,319795,306287,318534,325544,300679,295255,301673,310573,305758,334536,303910,300131,289134,296895,320052,309886,309206,352703,333237,313102,299768,315720,307889,
21000:317684,340406,329285,326565,349241,334590,343657,334085,315756,318610,319058,351039,325597,324930,347831,322955,363745,319978,325563,342534,320607,331958,329927,311717,330317,329046,321282,317938,330989,338432,319807,329881,319311,341822,319644,332493,333640,331570,349457,337953,324675,331071,336561,318080,335096,324656,325856,330758,336919,329584,328974,332742,340732,331283,321429,324611,319935,334846,329402,328411,333722,340731,321845,332673,348781,330569,325911,322658,355018,360533,310554,374153,319160,322492,314982,349514,321952,342950,317486,310967,315133,356918,326429,351136,351445,305937,324483,328669,336671,357348,306853,345448,361812,318418,317839,344505,347957,318707,330922,320935,
22000:334015,333582,346022,343279,352336,340347,352420,333954,336074,337821,344998,342803,340614,344074,340012,348867,331667,329444,360735,357674,360039,357334,352962,347748,338671,330755,326246,349560,348598,329297,335631,342790,344940,335614,342066,326992,333321,339594,357500,359366,358316,363284,348682,363906,345561,336190,336529,348582,390565,342634,356402,338371,345365,323821,349835,342337,343499,339363,348536,338615,378200,330526,337592,352229,352252,354285,339382,377214,333455,364208,342214,360543,332639,328022,332776,325394,334494,344193,351216,336980,366692,360814,320319,377381,334388,363815,354116,330980,353615,369608,339127,318551,382456,330170,344911,347804,375161,347206,365150,347097,
23000:345314,342580,357355,365947,353644,356715,358304,361490,356031,340213,381381,383072,360458,342486,345028,364155,368044,389207,366818,358139,388543,355944,367066,367584,359744,420181,363850,362089,346588,348900,340883,358851,359652,366528,358184,360570,344626,397018,378076,358753,349872,369472,372642,373743,348458,371048,357463,351343,409642,364464,345984,363116,357318,356597,372615,361938,347040,361285,374686,412973,343543,351630,364380,387475,357112,365511,341677,352811,366493,344790,350015,355778,343015,384307,355123,374628,356496,372560,353286,365561,350547,343558,341622,338786,393824,361186,338019,377270,362877,369222,352293,352860,374158,350613,352661,358894,368946,371845,376643,367870,
24000:393386,393153,376297,370994,408827,389379,378817,370844,387900,363453,382683,380691,365877,378423,371208,396962,390554,368157,365729,375854,371424,367963,380062,381645,392840,399544,370908,432127,384342,382610,392899,375653,400143,403254,378789,420284,384136,425422,379941,386854,398006,387589,374806,363959,375536,407960,367256,411513,372210,381930,363048,413551,383851,384507,395090,399387,370810,407261,360036,365995,358867,385212,402859,391451,382581,371584,386921,383863,372353,385232,395927,364751,376710,381129,394124,376761,387095,375450,365890,384701,409605,391911,363145,379047,359299,385758,359198,397066,395379,364153,389700,418811,390979,386108,373247,411213,362890,370577,368361,389996,
25000:414876,411619,402164,399293,390978,381963,431436,402665,403171,397519,403243,403675,428586,404424,404778,399652,448524,453967,386388,393583,420117,417601,391350,384903,430180,408774,390926,405537,419266,405305,401905,397614,394792,393756,407672,401935,397643,391015,400369,411367,404360,412901,433777,397637,374193,398734,400681,387612,411698,379847,382316,394163,420928,390586,426165,388396,396050,412241,394685,419865,422874,369527,414192,388149,381365,385036,403539,406632,366344,394676,406645,399869,446751,434031,396976,419314,424005,407549,395315,387657,420276,404652,379322,405889,407407,388291,412884,386819,397203,396971,410150,396367,382883,429896,425362,406375,402322,426567,420649,390575,
26000:401501,431938,427229,416955,415776,436714,421489,436107,431244,415178,412817,407982,429433,396361,419839,448466,416617,390416,435492,426819,429153,424530,398443,402757,425023,413463,443878,395806,430730,420805,388853,455784,418654,415795,402909,416104,416768,452249,400956,406344,403253,414787,419921,406471,423046,477267,395306,427495,401652,426213,398196,403088,403854,420660,408331,405982,430405,435429,401962,429062,413620,406925,404474,389523,410643,427476,398696,410684,397279,435276,422501,421054,419102,430794,435444,412076,403338,421534,421166,409757,409372,437925,397941,426481,413537,411282,418475,407410,416683,426215,457898,423345,415824,425998,412407,405016,404909,414779,406876,382648,
27000:430589,447133,457783,452892,429875,447009,460013,437924,435040,434473,450623,412025,426357,429931,411453,415344,419172,439209,437853,430627,451129,433119,419386,424200,459200,436451,432708,412633,411621,430665,421142,438517,430349,430378,431576,415223,424378,458974,429872,421935,437594,433008,435349,463676,429503,445328,436503,412459,427648,424501,421809,439666,423690,441265,439785,429850,426061,421236,537085,414860,421323,445230,422305,429558,426402,413473,429857,441949,418412,409442,450703,427357,456535,416788,430098,420405,449319,419565,426420,424930,420894,435008,415641,442327,431055,439723,431393,407063,454469,448330,452801,438035,418441,438925,458505,476010,418964,412878,456219,405665,
28000:466709,457882,467956,443845,436098,434916,466916,470258,441343,433254,460430,504892,463201,480674,453691,447580,449741,449991,466234,459916,460475,486642,451981,495717,452712,463391,461206,444938,504490,427108,443412,452503,467467,447598,435209,472674,477020,460037,475612,455223,457000,457863,439702,456375,453701,436915,453946,418743,454389,449491,469075,445355,462243,450849,455260,452051,451341,436923,449205,459158,487294,429432,448257,447042,434138,466018,452150,439723,425090,442124,526239,446329,455560,441424,447518,454681,486384,464756,439807,460021,455270,443917,464648,487679,469957,441358,452556,448724,447950,470317,449037,469594,436985,421219,461623,446083,436812,447280,477035,469636,
29000:475834,461057,458198,520153,446709,468173,489872,468116,469627,466223,465234,483839,487184,461459,451284,489836,513247,466864,459872,484929,465285,463662,452077,459598,512402,463411,503694,473674,465608,474695,469930,462879,463643,444519,493729,469987,503543,502257,466932,495389,453293,463058,467818,452175,460567,473995,446828,483049,472480,538207,463963,478791,455492,464221,503774,494588,456319,480864,458225,452868,451480,480266,470196,466632,483124,488912,507035,458316,449888,458812,472995,470399,457399,483517,469032,468524,456498,477634,486154,452696,481786,458152,474675,464756,447549,451355,475703,453929,499762,474225,458971,480223,490352,492225,506571,514506,461545,504724,467192,454719,
30000:508546,489808,475406,478647,474896,501439,509732,477113,469948,531574,468843,467225,470606,588134,473871,490752,477731,492147,486162,524218,467313,496669,493528,509074,501368,476865,511887,490670,484278,514425,477600,504771,489888,486710,545597,469191,520783,488645,472940,504653,488618,494914,512205,502399,473040,465851,485963,482648,515310,514643,460925,484685,522719,491939,495798,515105,494890,494857,491092,543535,529744,478788,510731,520481,484391,485414,469000,517271,458926,506996,478695,495038,474087,484834,480944,503890,463677,499612,511197,491397,467635,504060,476127,464688,499754,492152,471621,481403,496904,490802,472040,462890,464971,477924,460002,492856,533902,472894,513546,485188,
31000:510996,523775,529656,524570,514854,498297,504531,505586,491832,538201,510965,511124,504527,482197,507128,519601,505480,494954,511782,517313,502035,503483,498479,548439,490365,496596,552901,514904,570328,525812,508575,495381,514100,501254,496907,489467,490562,489013,514360,486950,512760,501760,510403,500935,516150,517886,511677,535830,502841,516774,493961,528003,481631,534705,489374,501781,494655,518805,481221,527081,484504,510058,520552,507472,487707,501901,507367,499478,487518,495100,539679,505726,508460,501423,515572,510598,538325,489597,500722,482346,511506,491335,521740,507611,541028,503708,508418,546542,491182,517497,502412,517625,547969,501297,533557,502177,478795,519675,532019,505714,
32000:521033,561378,540680,538746,518130,497232,525682,515722,517599,520460,526958,506310,538804,496569,541927,509301,532141,513663,513387,542394,521010,540037,555252,535625,499649,523178,558441,561544,516113,498330,560385,556720,551729,520007,539078,541950,517575,539178,529672,526211,537071,547347,536843,510197,533402,498904,503504,547614,519676,525032,505705,526417,542572,545440,556174,532345,520253,521496,506841,510832,539825,541605,524703,524260,513978,506065,526285,572997,544581,527099,501859,495677,529398,526693,504907,570311,542491,554013,500665,521596,514536,517507,522384,529147,519218,536824,526091,540545,507862,517425,512036,530097,499713,559024,536373,531406,556324,496267,516219,551205,
33000:524939,559409,546940,583421,544351,560429,531567,552567,539922,533001,537947,525149,529094,514361,527447,548423,514656,517433,595102,546219,539435,533020,559674,534222,528961,547567,575358,552732,543379,559560,546409,524038,529741,548335,552585,546293,570870,545040,555053,512676,554413,508024,552014,541381,548618,588539,519824,564868,576480,544452,525660,528079,523842,576974,539088,546997,531135,522691,567448,552683,535150,564062,632660,546660,564644,533188,551484,568017,546449,569670,529761,538332,535172,538521,525854,525392,541101,557246,526644,519737,549484,534689,544483,529335,527200,606665,540418,552404,563850,580268,540676,527317,578420,523450,538667,527584,549561,553765,526690,542113,
34000:551163,585803,561878,603522,602851,558212,546428,573566,565559,567777,549502,562800,530203,574595,556912,584738,573504,560561,558261,549284,568436,551001,550217,542317,554152,552947,563176,563958,552118,601700,586362,556859,549594,594350,540235,555330,560719,562914,599088,553719,561597,567971,545026,545373,536155,577524,543035,550575,542732,565712,545799,575917,585769,567849,567676,560110,539703,546720,567241,580562,592920,574160,558251,557847,567147,554015,597336,534765,565322,581119,599591,577180,547167,555525,553572,574236,541534,546135,544048,570958,596036,573099,539271,539437,545069,542299,545718,544588,551955,567465,536042,592268,564764,549389,549417,586145,558173,569469,532573,542036,
35000:585721,608924,594072,562170,597310,599606,561638,624081,557960,601460,577938,554208,570789,579799,576124,577970,609405,587445,599324,564267,580657,580444,573659,576456,589373,561942,540590,553970,577976,603608,570316,589835,596594,614537,561221,564588,596684,571249,579013,592994,570108,588004,561633,613498,572843,613959,570437,557481,534537,566506,598221,532475,579675,577636,553039,599647,577632,560519,564109,580682,546329,584721,566793,601439,576477,707984,566570,568464,578081,575522,611855,589544,580018,561063,555655,580135,546920,583416,594018,587952,572952,608610,597701,579215,607934,559692,568526,638519,563736,576934,611410,556405,558715,597299,574710,614141,558873,563941,628697,581987,
36000:637975,578865,567678,626400,612121,582324,615364,576987,594853,579144,586059,589499,618866,648179,648172,599652,586085,607101,595475,585589,605984,601369,588152,617966,645196,574048,597188,668984,604008,603153,645596,572095,580495,595155,613512,592959,639697,639434,643341,593779,585758,579264,623800,608186,585675,637494,589104,594696,594811,595283,614132,620865,589882,613845,591218,618069,605742,594607,614520,585748,596072,630101,588988,567048,616116,622593,623382,624497,625349,592577,577103,653995,643988,594688,598792,619383,588981,585922,609433,598202,580468,564829,558268,615618,564397,594427,591262,592951,589425,582839,620509,608384,621989,578238,673840,625999,632521,625872,589187,573252,
37000:633183,595635,611562,614764,611473,599365,696233,596131,635281,630644,625225,625185,602110,598394,617175,617144,612622,605564,627653,578188,626542,598158,603634,623410,638170,592299,646170,604999,624656,661662,613043,611986,621683,659068,604875,632808,631546,627960,649337,598037,608322,652046,602195,594693,614479,587479,630547,604728,591511,611501,601763,597912,584212,617304,629539,597469,643844,624506,603890,617598,594200,642203,621635,597788,596390,636178,638472,601586,648771,604669,605347,630274,665371,615476,620671,625342,627497,631820,610544,602160,607088,648632,616863,611688,646569,627179,658635,655037,595360,599114,617773,623196,601029,651849,608282,626533,646410,606275,605068,640322,
38000:632531,663432,651928,633887,644988,657896,606908,622709,619062,637951,668099,662046,641437,633081,661329,619457,641446,664496,655049,618199,631905,618330,664292,613046,631546,600803,616083,630461,620770,635164,636666,621816,623851,623348,628787,619973,631920,746767,615637,644782,628297,641214,634981,615148,651714,695425,596688,619231,664418,627482,629658,610467,614011,606760,638425,687655,651411,627457,629409,667656,598173,612960,690436,654201,628001,631101,623439,642894,599950,656022,637404,613523,615651,642415,653800,636070,659664,638208,641053,653280,632391,631701,602336,613173,633498,644562,614902,629501,612805,631360,641618,620370,621695,601380,639625,604223,636548,646413,605499,690394,
39000:683987,753107,658107,638855,628953,643459,673468,641333,703085,661954,644638,646626,670700,658913,638408,673239,654826,655067,650546,641904,644564,655332,641717,692972,693294,630846,648014,649367,618681,627832,688243,645602,651762,663759,689024,657768,694280,614487,659160,688552,693145,628114,661895,656104,623916,678875,669816,645281,674937,641645,622907,650270,634526,675522,642659,678490,640640,636545,634295,643820,668653,640251,625674,663577,726561,711366,672515,645984,681229,654598,614655,681901,663872,633396,643982,687906,669603,611373,623725,649951,640641,654568,632856,612723,679839,642078,643301,679147,668653,657268,673137,691518,647360,672952,676624,696353,645789,661096,655471,646103,
40000:681765,654836,650005,641115,682496,700262,681210,693026,688871,658026,702106,698039,679132,665157,697439,678308,691482,653034,743459,668088,669691,659379,696237,656687,643372,682927,641479,656271,713010,667848,646933,697385,685142,664131,666443,654136,689433,706580,661034,663896,681370,664801,648482,660050,634345,649672,666425,632467,796392,642166,656110,688023,657772,660810,646201,649550,668255,676781,676219,670076,721684,688790,641974,682976,693422,684318,635663,686976,634688,657683,671631,697556,646599,788766,656943,704835,706718,701161,683727,688521,655679,691860,663628,674604,692393,669469,650327,659106,728149,704700,690980,666129,659914,720928,661627,676726,694946,681754,681938,672491,
41000:733379,721722,676388,699087,693077,734126,709419,663275,733145,679001,647605,696380,672363,687142,678122,737047,698296,692165,658890,678833,694094,754032,713771,709059,698559,704141,701269,676129,668405,666027,693490,676917,708906,736024,740203,675105,702030,673957,674138,685010,731341,714658,682462,661975,696576,699447,684337,708451,752452,669661,681210,695080,689839,735101,678653,704703,731493,737556,731879,676698,757126,775525,679263,690932,743002,742547,710719,697680,740514,708429,704357,711769,690533,698740,716450,710915,649559,687911,694217,701519,693112,664500,696204,679293,710439,699339,679861,702344,703777,692456,763042,707850,672673,711913,697113,693336,689191,643952,717843,664373,
42000:753156,722192,694375,752889,727079,780336,745933,697027,751109,787417,738649,684874,681214,700786,680363,681732,744235,703193,756738,709382,729731,757112,775430,701611,677498,699222,756378,749351,728358,680361,716713,806241,712156,726547,711682,687713,714375,718725,736720,716145,759509,716254,691357,699885,706953,729054,712763,677485,719844,698394,714896,680060,707912,704454,743918,709779,681284,792937,694921,733402,687752,713417,721467,714097,730004,701733,684515,736225,702366,751205,697638,692673,710016,697153,689165,754529,716010,735665,669919,690919,703896,692482,706888,716065,696437,709234,697861,712628,689667,763632,714538,739198,731234,696978,728375,729521,717100,696572,665388,701875,
43000:730441,749644,766967,765998,697207,712971,710742,679698,768574,781518,728423,730423,701551,701790,719567,725722,728972,729346,720246,714202,734906,757511,724897,763582,728074,742820,721915,723005,722943,754413,709902,788314,720618,733322,728260,729422,741825,740187,723718,750028,789077,729216,684926,701873,797314,707009,727957,761079,680087,720806,734988,714319,717522,699340,772420,726484,750649,734307,720145,712359,715662,737928,697566,721777,739470,738322,738589,732781,776025,722395,722816,709579,751413,717620,740858,711337,740737,714631,742724,688028,859668,710878,765799,738583,778308,776707,694817,695628,792760,704313,746166,780860,749170,717615,750850,718336,719467,731313,731828,774080,
44000:772032,729901,793303,766787,774690,729732,756381,780658,732052,738543,724769,740006,727263,730439,791362,748438,735990,749033,739227,765961,757657,805518,741837,721783,746872,751639,741283,788762,748393,745494,742518,748396,763759,701970,706812,754918,747165,764189,742476,746671,796108,741172,734098,735235,766998,730218,723819,757651,721986,775648,759712,749496,770421,719734,776128,732478,716314,733275,791901,770926,771047,745437,755578,742755,703224,759611,748982,749225,745378,745165,765587,742256,789256,771110,763543,733348,730962,729342,775281,705605,720958,814544,771498,756939,721671,764636,713023,730750,794270,786751,792144,729914,761322,751885,749780,729508,766146,719623,802466,730645,
45000:739324,744951,761819,746247,785967,782623,770834,756582,755214,757855,797117,769857,747624,752796,772607,749294,765920,779849,761288,742688,793088,734527,769662,785318,756396,750893,826382,746177,785638,825384,742365,761338,808357,746634,797508,806318,802124,744974,746444,777526,758853,729196,750538,804152,763841,742563,738557,806835,736984,739811,729597,750602,766443,792738,768550,764852,754625,748181,774856,798423,773534,717699,771402,771938,726062,763568,766815,783227,751882,748444,739543,755723,737849,833751,765066,745676,735210,779242,772112,775781,796161,765432,856397,807305,774716,802026,799241,791989,770561,873189,761093,758268,766190,761146,769806,800015,774865,802837,800076,768628,
46000:753982,789933,820138,763241,788332,791464,778618,815002,798140,803168,793695,774452,782729,739190,816702,754762,740513,777068,747961,801454,775958,787832,861637,776001,780376,795631,750444,758286,783078,815147,771510,770185,791092,746944,834999,765141,823589,828267,762238,753052,783913,782562,825165,757159,753713,801849,788607,818184,789703,810206,817072,792029,885756,833852,788452,820720,776718,786826,761205,782776,811750,888210,798629,848942,762038,771580,825578,802999,777805,807998,794047,765791,787966,802035,791113,800902,774443,776948,797125,816547,813452,786861,784509,766004,796637,778009,820202,787940,783145,832781,766253,758507,765012,779618,769829,783777,776367,782083,774061,772327,
47000:796978,818127,803431,801381,783708,831591,861977,834583,776108,787772,775515,811987,795124,795484,912663,779216,784558,827503,792120,872973,843358,812906,793876,852727,842605,808392,861782,855241,882624,905730,850484,778439,814422,827190,849459,778543,788455,820347,791600,810745,798909,823161,840548,804860,863693,789233,793098,781723,835480,824731,777250,779034,823994,882322,855712,783704,774198,809652,830189,793511,825242,816789,793728,794684,774843,782758,829633,775566,791504,783708,796639,855358,818249,792667,795990,822651,778808,856425,835568,838408,848819,807655,793880,790245,791570,816195,782450,845570,829171,789931,799779,794977,812313,781213,772383,790968,799210,813543,789063,826758,
48000:858420,813074,819262,803160,829203,820441,828333,832717,840705,859672,787516,849842,817604,848673,840094,813235,829644,885233,834213,790212,810131,835898,821181,813209,841189,810354,811945,795283,871587,821600,847999,856544,821264,903671,810598,919993,833766,842594,820150,823096,815595,852535,822640,781040,797509,814566,891747,816426,831127,832210,814240,817399,787600,854212,834658,812355,788536,865222,817943,800144,841171,785253,819263,836984,835897,869196,833248,892610,844207,878888,854641,838927,822079,863281,849258,807873,850278,801103,850327,848240,849451,811902,829570,858725,801838,785427,797383,817888,843955,813108,871953,812185,785801,827580,904074,828934,795898,870882,828829,871997,
49000:863506,861659,858515,863341,867375,872776,827386,879875,819948,809259,808798,861514,857243,881447,856117,963119,819948,826214,853576,817150,894609,883301,847323,833781,860280,829554,817895,880507,857624,853081,840226,830696,833626,827099,841587,845042,847049,877743,825738,957920,895547,834026,839499,817100,858678,837036,914960,821580,859208,870999,841356,860858,854270,852074,837063,873629,819606,810662,824863,809145,848200,789394,852418,881383,862032,878331,850210,889941,821683,883241,852733,854605,842716,866618,839784,832016,856246,878251,831188,816326,915150,801168,868489,874965,796808,969696,840011,831695,826914,825306,860451,916335,820997,851827,845258,838254,855870,840772,818489,818379,
50000:842014,856959,864514,910289,845578,870660,867950,868403,916427,870943,841480,847908,902852,863286,851084,869743,839118,906016,895906,1034666,846266,848791,862019,843290,859540,912366,841447,842034,836065,831501,864893,834844,856019,845576,849179,880187,838700,891273,823478,857413,857589,861478,860016,851481,927985,918339,820315,856070,917710,930962,865717,890275,937493,879909,902029,868485,935633,835280,895443,877768,893291,883686,884779,907959,855540,909691,909250,830946,868432,892107,879404,844509,879008,893970,872167,884325,865353,879035,857113,908372,883518,881429,871675,868171,872687,891051,873857,844767,871719,895893,876406,878344,886192,890036,898091,833730,877709,874410,840257,878017,
51000:870176,913517,909889,850586,908713,945136,916391,846091,911884,922772,845092,891345,878241,896180,911208,843293,841913,904981,912715,893974,898928,850327,857236,919108,901360,937879,916405,895596,892634,885904,886450,846563,888561,942226,869344,863691,917613,842171,885228,853941,867276,904409,864633,950512,872989,863179,876448,899458,926138,872322,901754,944364,930368,838270,857378,892890,889830,901497,890569,859865,859481,885379,894482,922580,858600,876386,865732,884433,844368,881516,915590,848853,878574,860825,869434,890711,929931,876904,869508,885359,875945,869599,875010,871139,837118,853110,944304,855384,935622,873960,842447,925294,853276,875149,904950,858218,836518,881640,897632,887597,
52000:896712,868648,921015,940273,894954,897479,905768,893704,927369,903100,915939,883427,922696,921319,938446,907826,901398,902451,1020677,886779,926403,896090,928540,860339,872123,900011,883506,881479,915676,892551,921239,938398,894786,912207,871040,914428,881173,917668,930236,919409,957941,880124,879511,889366,892991,866039,904073,912813,945072,913548,922768,899359,956281,943760,911300,900262,955921,979950,878418,901680,860632,953342,891655,892431,921453,924748,869931,916747,971178,953107,923520,898440,900201,894454,861742,927466,895290,871501,893283,912387,912340,915163,891178,1038870,902674,883816,981571,913089,934588,933357,914311,885144,975324,888107,933155,913286,937446,921561,900719,874411,
53000:874637,914760,956314,896764,921633,987855,907426,931561,934500,929857,927120,949605,899803,938801,880128,907638,875274,932874,930687,952477,949325,934049,927786,1009932,930560,921942,1006663,952438,967750,924076,957409,901237,967225,920956,909347,911041,891534,891819,890161,929604,918805,913946,934515,946670,936352,937354,913577,934570,942862,932086,931136,886533,909611,937941,951423,894353,970946,962179,951507,913127,955491,976331,906305,871493,881599,917114,923218,1017789,929750,913144,915034,944049,899834,946586,888299,898856,943982,915094,986171,873591,928183,946696,941781,1041308,908722,979308,949288,892784,912505,903232,915653,904935,968311,907562,929094,952409,922420,904571,894300,915907,
54000:957090,952255,941010,922353,940847,937650,900785,948419,919437,922868,907619,951208,939355,944399,944949,937910,1037306,935170,979890,957279,920393,990976,940053,872933,917006,900502,926418,941119,949807,996768,905831,982629,938674,909688,967332,920550,929795,985869,923211,917738,958627,1000597,925657,970745,967448,931662,956975,963546,914435,911326,909728,923284,871407,942679,937393,893873,1021486,987163,996462,921823,1025838,1077173,943037,1050713,975315,929300,950614,911861,961334,978298,970612,987685,881806,902178,899026,942326,943543,936028,923556,889091,913890,940885,964629,937451,907581,925823,933186,1085989,923523,933929,962386,914962,958301,963361,929981,934054,935230,993404,944622,1008555,
55000:955076,920007,945567,940023,939772,899002,987538,974572,921578,960989,1018192,966279,939908,946751,939788,998101,960603,1006624,953852,977617,905430,938193,971984,952624,928474,952479,971685,958798,929157,1006417,937955,948948,987571,1009342,1017891,964376,975266,988175,954928,985719,995438,989258,1048879,910547,915781,967708,948281,944563,949110,958870,977872,958068,1045650,952408,959552,921709,943298,1041048,988792,989199,972391,1007486,907134,940832,992170,963266,1018821,904972,971130,984761,916964,1004345,931712,954772,970720,981144,940461,965896,1007317,1051185,962696,1055716,910419,1005643,1009616,984271,958603,964516,942244,917411,939281,915129,947237,958504,1049395,970332,968045,926504,982620,950240,
56000:1092026,959903,962823,945471,1050515,951189,963390,1000186,949377,1073734,962439,983771,1054329,957124,987659,951307,959710,1013520,962604,968000,1016688,945920,952124,961244,1004983,1033435,1008342,1073214,946966,997632,983044,985732,954599,1029135,987700,1015354,989182,929416,947844,981838,983982,909286,957228,959875,948981,997628,1078150,972748,1028640,1004796,1000937,1126778,1031072,1062744,1047137,948517,1065310,977247,1044829,985273,1008134,956757,997206,952749,988734,974879,967151,1000523,1001529,998205,995844,1018168,1008010,1012921,941180,1056809,1009181,992249,979313,1008027,1085026,942360,995345,1003031,973119,976333,972604,984437,952147,988209,935987,996064,962110,1027322,991378,1028747,1007348,1007538,971740,1014813,
57000:969690,995202,1034600,961853,1009065,980977,1116463,1009253,1059285,1077704,1051888,1003537,1052154,1008110,966811,1027812,956468,991093,970510,991899,1029004,1008800,985887,948988,977608,979639,998908,995412,974739,1009176,1043724,980454,981685,1034140,983232,993538,979280,995250,983950,951304,1066218,976902,956014,1050380,990649,1002927,1096192,1003757,978343,1044641,1003586,1005603,1012994,1001552,1014939,991790,1020954,983432,1173298,957131,979711,985470,980238,1004096,984569,961836,1025649,980056,1010385,989026,1038478,968185,1029912,1111418,982638,1021614,1015148,968456,988240,1086298,981687,1021171,1067510,962659,1080901,969858,993481,978400,1005794,976538,1080050,993819,1042764,967106,960778,1005901,948431,1025745,989156,958859,
58000:990634,1070304,1021497,1065384,987770,1016606,987343,1062689,1080363,1010848,987280,1061440,985693,1044699,977555,1087261,1053561,1056455,1047233,1044655,1040438,1037427,1029243,996055,1011719,1011812,1001176,1037656,985685,1043679,1084789,1027703,1009318,1027227,1044043,1042552,1087282,1023613,1005733,993059,1001718,1070430,1058626,1002544,1051720,999089,1048794,1029330,962164,1019886,1134522,1019519,1048879,990135,1023687,1094939,1029652,999781,1023681,1056506,975444,1078816,1016196,1040569,1043025,1031154,992151,1018015,992254,997209,977866,1043690,1081782,983315,993456,972293,1106325,1037252,1019970,1022272,1090578,993734,1001465,1051313,1013862,1071727,1051366,972963,998789,1087387,978548,1104847,1071888,970951,968057,1075696,991911,970770,1057802,1037733,
59000:1035024,1087225,1082459,984096,1029055,1027254,1068837,1040734,1022560,1061909,1018035,1018971,1078478,1066956,1010420,1046630,1059206,1045601,1085792,1017404,1064077,1035672,1051633,1016741,1037566,1014787,1179583,1004381,1020828,982431,1071814,1060322,1093751,1071427,1015050,1013958,993383,1062422,1014992,1055952,1018729,1024606,996953,1127547,1043846,986711,1150213,1068997,1068351,1046106,1035769,1059524,1009800,1019973,1016092,1098044,1077555,994113,1089701,1018846,1059366,1021731,996738,1021398,1059972,1070176,1077149,1093009,1020877,997006,1097504,1024159,1056243,1109509,995816,990732,1058043,1017176,1067680,1060311,1008318,1005695,1015696,1003622,1109132,1029052,1039653,1099224,1025729,1009905,1059562,994995,1054578,1020758,1033570,984567,1043364,1026696,1100930,1027367,
60000:1130026,1072549,1045705,1053120,1011707,1047499,1015389,1052801,1067312,1016945,1038892,1167908,1023114,1050486,1088654,1191774,1048574,1029950,1077122,1102717,1066228,1057736,1060654,1020347,1106202,1088770,1107213,1087577,1145611,1049341,1036379,1053917,1052086,1031873,1004421,1018866,1045703,1020977,1032979,1152357,1053777,1098578,1056635,1067631,1049375,1041308,1045267,1073265,1113360,1034739,1095783,1027284,1146409,1017976,1150189,1139782,1076150,1048157,1054401,1093346,1085189,1036373,1040288,1048333,1029920,1094162,1101847,1060165,1046258,1106239,1036179,1208653,1023601,1081828,1120041,1085883,1085675,979152,1093996,1121564,1049277,1024221,1038883,1036206,1081154,1072485,1040060,1018140,1043402,1010196,1039392,1065099,1076383,1045521,1071325,1104241,1066855,1069467,1031505,1081701,
61000:1155966,1040998,1140871,1152610,1037199,1075092,1072595,1043630,1034153,1049076,1053300,1223558,1059571,1106868,1085466,1078958,1075876,1079042,1025815,1138516,1082983,1098859,1091893,1097491,1147291,1059233,1027645,1032714,1019762,1065231,1220993,1180030,1061169,1131730,1124190,1064805,1053238,1122771,1122622,1125857,1089404,1058302,1107398,1103224,1053983,1072518,1163908,1130863,1056093,1069221,1130112,1067657,1151012,1090679,1074037,1060236,1065032,1063904,1138525,1038731,1163096,1116133,1117428,1048769,1057719,1070537,1073612,1089111,1077971,1064207,1079580,1099014,1076373,1118005,1052608,1057301,1136259,1048440,1072731,1075006,1121173,1102844,1136705,1090802,1092115,1015382,1105795,1088655,1072180,1086049,1183330,1073571,1100546,1193611,1151682,1077033,1066922,1139759,1072612,1130712,
62000:1064287,1092621,1170501,1033881,1065910,1194072,1093971,1065579,1070932,1037541,1093396,1064168,1101377,1189075,1059026,1119256,1082942,1110452,1074504,1069825,1265411,1132000,1127216,1039285,1103448,1074790,1117592,1143720,1180937,1096547,1097496,1044969,1094992,1115193,1129592,1181602,1107596,1105779,1097003,1054879,1105727,1163826,1059303,1093547,1110885,1145300,1138557,1083259,1129405,1107739,1095968,1048692,1119975,1131201,1129843,1068376,1136003,1160459,1157409,1091297,1055014,1142799,1138660,1062400,1076062,1104301,1073624,1181767,1117728,1213976,1163808,1198347,1078289,1080469,1068949,1133460,1115984,1135001,1145403,1110368,1080805,1071084,1175673,1077153,1040223,1120958,1145519,1134786,1064132,1094898,1072917,1074355,1065644,1148841,1056722,1046827,1157383,1049705,1112547,1059748,
63000:1090142,1103082,1161795,1108596,1079178,1123060,1069752,1167240,1085345,1122067,1070925,1125943,1153960,1141626,1127601,1121445,1152081,1080911,1203358,1079894,1155486,1137025,1177675,1163683,1158607,1120274,1086409,1134142,1044950,1111010,1085567,1142881,1083580,1101617,1103668,1175667,1096524,1221939,1082541,1104074,1141152,1180179,1101880,1080396,1065832,1141330,1165141,1139163,1074869,1114638,1136579,1172735,1072684,1107498,1173378,1098709,1123174,1196318,1157815,1174065,1232810,1138318,1175242,1126392,1095539,1099497,1091469,1158157,1062967,1180877,1079493,1155677,1160350,1109931,1085799,1103608,1185944,1088905,1109210,1144288,1103532,1069396,1213334,1121514,1105708,1128063,1144263,1137817,1163529,1084524,1177924,1130173,1180574,1216912,1106548,1094533,1079802,1056342,1077624,1121318,
64000:1163113,1139296,1127305,1186757,1147388,1194975,1110378,1129773,1190417,1168042,1171052,1300179,1155803,1137732,1149735,1124149,1092846,1108879,1181061,1127267,1119072,1146244,1119462,1110516,1101374,1133227,1110454,1134907,1132628,1144538,1142377,1116200,1153337,1109813,1183299,1163206,1242976,1157321,1138322,1123728,1217283,1188998,1149804,1157440,1119601,1113081,1107557,1142968,1176212,1189364,1101767,1175517,1155402,1081775,1136884,1120944,1146311,1188427,1152105,1150568,1187757,1125540,1095428,1189324,1162300,1150730,1127429,1163595,1139553,1081503,1078390,1130596,1227683,1111107,1131075,1103298,1162237,1151677,1223431,1135075,1127864,1149628,1134751,1197995,1157154,1140786,1100320,1147915,1078430,1147050,1147832,1168931,1141685,1139200,1160503,1143368,1111494,1109713,1103249,1163418,
65000:1142478,1234562,1195884,1118710,1137537,1144722,1190763,1078265,1142521,1134107,1198232,1184221,1158073,1400309,1221556,1110815,1285649,1223445,1168713,1147737,1180414,1123788,1158221,1170405,1147059,1117449,1117677,1150359,1153978,1170008,1174787,1121357,1130626,1185235,1140385,1216871,1171586,1126187,1140057,1149840,1128183,1172672,1126081,1203243,1137745,1253705,1134808,1140736,1130634,1138110,1166223,1159562,1136617,1205852,1163841,1142883,1209189,1210280,1201751,1115524,1193808,1146109,1155861,1147839,1087352,1176177,1179851,1136609,1107194,1200995,1181309,1174515,1174939,1098732,1147026,1171843,1224401,1169577,1152560,1123208,1145051,1148203,1186132,1159126,1127516,1179270,1127139,1140596,1143384,1091761,1210966,1243366,1216972,1177510,1297159,1167955,1115812,1149490,1166845,1215169,
66000:1281182,1159123,1162056,1141700,1176216,1185965,1185794,1184806,1199126,1240218,1154656,1177604,1227492,1163095,1134649,1158794,1200593,1224668,1113955,1140672,1188364,1178694,1190731,1223103,1244949,1177253,1219687,1188836,1246460,1141923,1193980,1231283,1106151,1140945,1218431,1237927,1286425,1119956,1245823,1187537,1164983,1170319,1347745,1185117,1138455,1194296,1284618,1195521,1162859,1180008,1225922,1195086,1125257,1161964,1212359,1174183,1204721,1162336,1199647,1215880,1192193,1211828,1154481,1180211,1189101,1219993,1180250,1165806,1141309,1253981,1179475,1157959,1172985,1196774,1244179,1150100,1173650,1171250,1163127,1185231,1230657,1214213,1234678,1176246,1201282,1235380,1241143,1185447,1190760,1241933,1153981,1164311,1145777,1240521,1227101,1148177,1161295,1149909,1137809,1199256,
67000:1163044,1238520,1221776,1173474,1204821,1209130,1190272,1207494,1176117,1190855,1186268,1214260,1181985,1157118,1142160,1229359,1190096,1161843,1213760,1253887,1196355,1207243,1177073,1207475,1159254,1173965,1160636,1210626,1184428,1165967,1192508,1176623,1157694,1187855,1231171,1189396,1170315,1218646,1261324,1173258,1243453,1168878,1280215,1212736,1200812,1201079,1175975,1166288,1205990,1253930,1174124,1159947,1134214,1167092,1261949,1175408,1185354,1209773,1209690,1207962,1186633,1224555,1177899,1191303,1169741,1214187,1267039,1244225,1299853,1145868,1235516,1170291,1263337,1295351,1169481,1168758,1239800,1173538,1193786,1251829,1233320,1209321,1193064,1233803,1157247,1207756,1215817,1175804,1188889,1219689,1207176,1268257,1200555,1223744,1182635,1136086,1207552,1294514,1228235,1179266,
68000:1168985,1182012,1282945,1177095,1274219,1280054,1249680,1184059,1169127,1163333,1217683,1281784,1255495,1212790,1256828,1251237,1221199,1274268,1205417,1202162,1233269,1171684,1258065,1243059,1178188,1178950,1214441,1158359,1242099,1176926,1219217,1169493,1175668,1212215,1219457,1195290,1201531,1188916,1190359,1260117,1216314,1427907,1239693,1226922,1309359,1217445,1221880,1229002,1259367,1296868,1267932,1243314,1198376,1164241,1253317,1250119,1166466,1186672,1257188,1229542,1214744,1231165,1193183,1244215,1287705,1291872,1241317,1212547,1205172,1173320,1182211,1232728,1199976,1234609,1175072,1216955,1236335,1213605,1274383,1285136,1277046,1269180,1184050,1204215,1253521,1152082,1198264,1228719,1141687,1221040,1238540,1236924,1232231,1255719,1209595,1228951,1317754,1166016,1179480,1175869,
69000:1271692,1276039,1278733,1297526,1202802,1168335,1224500,1218306,1217233,1349403,1196371,1212989,1307318,1224063,1236073,1189023,1266966,1189256,1265295,1340565,1213619,1277932,1258445,1247897,1262067,1310949,1269982,1201811,1223441,1225952,1218776,1258176,1284913,1239772,1231148,1276757,1272158,1259933,1158009,1182204,1233589,1217684,1225671,1219962,1246246,1257091,1322314,1209607,1192741,1171167,1236168,1296035,1252765,1198390,1307076,1399029,1237058,1289451,1195801,1246073,1262591,1232656,1244400,1187143,1252828,1283319,1222142,1283089,1223517,1217238,1462787,1208046,1222409,1193143,1213628,1263194,1285292,1230877,1339603,1276849,1255371,1217179,1217324,1258560,1248272,1253922,1230986,1244280,1228038,1271924,1257443,1382311,1228000,1238848,1254496,1202232,1217664,1247080,1321310,1222963,
70000:1268082,1316806,1273481,1213055,1292878,1225580,1247837,1248548,1302977,1227548,1264725,1238206,1271146,1265885,1261151,1306856,1247180,1225109,1266903,1214372,1295444,1272213,1251347,1275896,1226573,1257767,1270069,1222081,1261806,1277115,1283875,1269304,1248092,1314092,1237504,1198054,1214358,1233749,1265630,1262709,1274178,1244780,1260453,1346118,1309170,1275715,1266680,1285301,1207741,1223170,1215426,1276105,1232784,1214857,1262175,1217386,1209844,1215488,1256698,1276916,1306729,1290358,1246467,1243861,1322376,1290279,1299863,1242294,1221862,1263777,1245760,1258805,1269408,1244281,1275033,1273583,1251507,1285573,1243856,1316079,1271051,1254245,1309966,1311343,1312355,1306369,1275901,1368115,1225071,1265713,1317389,1258293,1251434,1277249,1253610,1304232,1240784,1287630,1249656,1260590,
71000:1285201,1389661,1297982,1282692,1293667,1258031,1267594,1309531,1259931,1316541,1295416,1316505,1228256,1234475,1310366,1241231,1292236,1222687,1336158,1254707,1250465,1229133,1446905,1338481,1244556,1228082,1330592,1255829,1299061,1252462,1257980,1294828,1369045,1334452,1250661,1234670,1252130,1334531,1245087,1239655,1262220,1275142,1241036,1238833,1294315,1285478,1211036,1269933,1283115,1261181,1273391,1252570,1314595,1258941,1282110,1345436,1270520,1319070,1249293,1254023,1236633,1281997,1250867,1258862,1247574,1276022,1233912,1315208,1321134,1233602,1314616,1273932,1252294,1292552,1303386,1323407,1339977,1297672,1312138,1241861,1355857,1276327,1342466,1328634,1257038,1263872,1310467,1309459,1260162,1287771,1245152,1308728,1262207,1290571,1270176,1288949,1231083,1283453,1297917,1225369,
72000:1280313,1249580,1255041,1295635,1310526,1374335,1263869,1320694,1339995,1404961,1260145,1523376,1326081,1269076,1269716,1288762,1317452,1286546,1200908,1261553,1358486,1389010,1249458,1280284,1253990,1335014,1264020,1290958,1406076,1327817,1323362,1317486,1470008,1298770,1411264,1349684,1285201,1270568,1275042,1276616,1245797,1240347,1251772,1303097,1318017,1266285,1329001,1335609,1309179,1285997,1263359,1294249,1386434,1302065,1260889,1313235,1294378,1285302,1327343,1300561,1358968,1400600,1301951,1239113,1384166,1283355,1362605,1292293,1281659,1364980,1418925,1272970,1302374,1325633,1469275,1280519,1302357,1278637,1294091,1263342,1268136,1326130,1315387,1300312,1330041,1368026,1315851,1302922,1251706,1385303,1245787,1284746,1300219,1305683,1290364,1293877,1296924,1318708,1303748,1272249,
73000:1242891,1277732,1255046,1338142,1342788,1325298,1335559,1345094,1351795,1298860,1285866,1240661,1309096,1325134,1334376,1326313,1290130,1363549,1281047,1330804,1323164,1305204,1243132,1275762,1348096,1375513,1302100,1354700,1296984,1296267,1272142,1264759,1331475,1361842,1286286,1287697,1290632,1405375,1307849,1317829,1326675,1304134,1297535,1278415,1299407,1442026,1311573,1323601,1279177,1275402,1311801,1357996,1326202,1297458,1366134,1300139,1312339,1249219,1295996,1350985,1399198,1332585,1292445,1344553,1285030,1286026,1299457,1382982,1292276,1331204,1356039,1406938,1257352,1323867,1285366,1402228,1305936,1255546,1342460,1294795,1331958,1323404,1324490,1405365,1372712,1373247,1287910,1279830,1300991,1304647,1231639,1443301,1383811,1293150,1364818,1345258,1292208,1343130,1308050,1300000,
74000:1378847,1264675,1355485,1400873,1339142,1360421,1414465,1360136,1318979,1367746,1370053,1345489,1300564,1498942,1331973,1395995,1277541,1327232,1370150,1339980,1335682,1367440,1371695,1285374,1394622,1329187,1340776,1287654,1303288,1344903,1305921,1327606,1302973,1308166,1380875,1332761,1308240,1304347,1325667,1314468,1305934,1322919,1430175,1291061,1301803,1334972,1376096,1324480,1419587,1300575,1440657,1314296,1299891,1294028,1407362,1302607,1420259,1357989,1362158,1368372,1347471,1301025,1290751,1394809,1376504,1293043,1350011,1385708,1318410,1307027,1330546,1277898,1261539,1304634,1383027,1293855,1356802,1269506,1350572,1297605,1354655,1269335,1319361,1364571,1339019,1364825,1281502,1296134,1345849,1413518,1340609,1297583,1333531,1380743,1304735,1360903,1355509,1340059,1318310,1284023,
75000:1394668,1292376,1346844,1278863,1378477,1347330,1411434,1328696,1407822,1355752,1379588,1376864,1335755,1478838,1310553,1370267,1427657,1323606,1361252,1387134,1323820,1311813,1384690,1339714,1335069,1336919,1362898,1381862,1441223,1355900,1362381,1315882,1469121,1408432,1407054,1363168,1328599,1410385,1381085,1367154,1349390,1331650,1338454,1312333,1405928,1395636,1286428,1307336,1297432,1483713,1313645,1402976,1319595,1382061,1302554,1342501,1423673,1385499,1361350,1333345,1450676,1398731,1350642,1335549,1338300,1309048,1339051,1429346,1338158,1360736,1301980,1278991,1404093,1325494,1285623,1305170,1432507,1431655,1345716,1428182,1343137,1367139,1348022,1526640,1319699,1350100,1419651,1412538,1347218,1362717,1353488,1356838,1316779,1354953,1402149,1355631,1399139,1424724,1343516,1374263,
76000:1428127,1409441,1366326,1496141,1394860,1321716,1385136,1416139,1352125,1381119,1389061,1481858,1396639,1331038,1368706,1374981,1351488,1350600,1400466,1385777,1535355,1342944,1328556,1335915,1333817,1392198,1383722,1371701,1380093,1387837,1402282,1491265,1375285,1376311,1333581,1355009,1422517,1410676,1437181,1385632,1348642,1393369,1365353,1513000,1439083,1388381,1372098,1361571,1377494,1355206,1421746,1395961,1435574,1402056,1403739,1380575,1443586,1349232,1484466,1355447,1325256,1448763,1477083,1489827,1364361,1332625,1388672,1389105,1353395,1332978,1377956,1309462,1424446,1344561,1354546,1318126,1280656,1303187,1344722,1367486,1403798,1346032,1436892,1447528,1346043,1333425,1406666,1377315,1374740,1414683,1452713,1412768,1316787,1349704,1344168,1387466,1370141,1400209,1377387,1404397,
77000:1581770,1411277,1484155,1430917,1374617,1437841,1389469,1355632,1381138,1386448,1435509,1424670,1396037,1450365,1381617,1358427,1375094,1451794,1473164,1359365,1423313,1485078,1373493,1359365,1416212,1363255,1392638,1342641,1405719,1452069,1371824,1402458,1447124,1367941,1357573,1390176,1382164,1397591,1474481,1380579,1344760,1374886,1413419,1454054,1392942,1471889,1374546,1407009,1389921,1352440,1336050,1423224,1346995,1316963,1372498,1351764,1391187,1322471,1407731,1350385,1365307,1440425,1463050,1453573,1507023,1383097,1361486,1402708,1365326,1460303,1448071,1597514,1377438,1394511,1433789,1344872,1460438,1347828,1406601,1462032,1425292,1411357,1378509,1418881,1389884,1370824,1463467,1394161,1323778,1432604,1359076,1387492,1468542,1384014,1378270,1403552,1423777,1384845,1385022,1411296,
78000:1472778,1453453,1442406,1439044,1434387,1569401,1378753,1384216,1474322,1437600,1416540,1426868,1411091,1473103,1493287,1438982,1417401,1549290,1440103,1431880,1547833,1407429,1359428,1477997,1411031,1476644,1394568,1395123,1390237,1486055,1456826,1417139,1438315,1458372,1450378,1424385,1419387,1427149,1408602,1427574,1390355,1443752,1391050,1486505,1427916,1383673,1428970,1390385,1450645,1378676,1456467,1434341,1453447,1382776,1452988,1422121,1404443,1607603,1462949,1473929,1457771,1348870,1425732,1389761,1375992,1450985,1425056,1420248,1502036,1554707,1468814,1368853,1416243,1398623,1446281,1394819,1418281,1394732,1484899,1438912,1355824,1523663,1433469,1406226,1441811,1441107,1446476,1407024,1470411,1355475,1386965,1519750,1441936,1519464,1436770,1380339,1350809,1461183,1410139,1613802,
79000:1374269,1409227,1428637,1434112,1388083,1469447,1436092,1486556,1472593,1480689,1461080,1497632,1437011,1536801,1425538,1375900,1334309,1427963,1376955,1473985,1419394,1479464,1376128,1448691,1534411,1376807,1431377,1407090,1430630,1364496,1483081,1478414,1463447,1575408,1398618,1504716,1376341,1492921,1455407,1424207,1427214,1454675,1440572,1504000,1485236,1373475,1403945,1520940,1466201,1421240,1422230,1484498,1452000,1482457,1441480,1543850,1457293,1410125,1374514,1496954,1404479,1444113,1392314,1472210,1439837,1492662,1466699,1407985,1381720,1396207,1481683,1468460,1463208,1431582,1479835,1450231,1413830,1381612,1483171,1435705,1402354,1437546,1436081,1590569,1434870,1427807,1457679,1449140,1384818,1441135,1429367,1448303,1365389,1394322,1458588,1392369,1404989,1536629,1461568,1484210,
80000:1397680,1509072,1568383,1638774,1482440,1433368,1542545,1475282,1474170,1506790,1443743,1450459,1448118,1440191,1689857,1523650,1499325,1502526,1418853,1471661,1495830,1550975,1414935,1433415,1440654,1425142,1389680,1383086,1416186,1517565,1683050,1476764,1493801,1373555,1509679,1411593,1542363,1442172,1461633,1462530,1480212,1404831,1463206,1462767,1431073,1458956,1428922,1454752,1454044,1445050,1476848,1521473,1501854,1470070,1411984,1496249,1409839,1451262,1476350,1513643,1428114,1480506,1432621,1509356,1387860,1592436,1377886,1367682,1474612,1515591,1456314,1584166,1476704,1374385,1400420,1451712,1514326,1491167,1497826,1509183,1427818,1424000,1451004,1475533,1389654,1444488,1399741,1437399,1468677,1396208,1471854,1466855,1458558,1378758,1543227,1486626,1550067,1410969,1419541,1453945,
81000:1460578,1466696,1573863,1564067,1550446,1426380,1593187,1480220,1586204,1481815,1438626,1491755,1498500,1475250,1454344,1489840,1522383,1441307,1460784,1490781,1643730,1497659,1558187,1424305,1421642,1453538,1398243,1530999,1405474,1633834,1458194,1436791,1445591,1457102,1455260,1553828,1443175,1617769,1462505,1519038,1470411,1449597,1559807,1428086,1456376,1483777,1529658,1505468,1535788,1538961,1482300,1476718,1450730,1483490,1507578,1430884,1540881,1489727,1471698,1498205,1429642,1601908,1425480,1507241,1514198,1421796,1512132,1612456,1506590,1505864,1473901,1551692,1482473,1377671,1506949,1473409,1529356,1473516,1475210,1424143,1438246,1473843,1443829,1525334,1484523,1580811,1456202,1460416,1470986,1452656,1496231,1449316,1474848,1435898,1571552,1499045,1467915,1499318,1462166,1421939,
82000:1449827,1461783,1461022,1435053,1446792,1555305,1459894,1607562,1459596,1430384,1482352,1510560,1434996,1457538,1532126,1538051,1518692,1536530,1488498,1443516,1500206,1484417,1587369,1469481,1498025,1525523,1447430,1560146,1459969,1497366,1613213,1500517,1427765,1463580,1569518,1493220,1463670,1490555,1459580,1611771,1494349,1554764,1530130,1524313,1486761,1525099,1552948,1555173,1555659,1597769,1474168,1571538,1452949,1543153,1474114,1562962,1461035,1433849,1554034,1449130,1495673,1591190,1515232,1438405,1526591,1459135,1508154,1466766,1525865,1495285,1539438,1490795,1481971,1432823,1544787,1550565,1448862,1500832,1501342,1473932,1498815,1565740,1563694,1593394,1636525,1477311,1450484,1568309,1533719,1469085,1479978,1552119,1429788,1507578,1583359,1452330,1515869,1498472,1466844,1489900,
83000:1615099,1475051,1681068,1450512,1440691,1552597,1527844,1534114,1537357,1471971,1495333,1511190,1534574,1577477,1516876,1458436,1593202,1573466,1591170,1573755,1563399,1498928,1587513,1518678,1465091,1510604,1514813,1500027,1595616,1576740,1557807,1551164,1588555,1529017,1513933,1529771,1488431,1501672,1540101,1601662,1494556,1539141,1511266,1582834,1503344,1576451,1427564,1507113,1516318,1473822,1557565,1545970,1545830,1506437,1496775,1508589,1535638,1480754,1505724,1514796,1611343,1582140,1529525,1482641,1555237,1483654,1546115,1513145,1592960,1516128,1520253,1544495,1485944,1486009,1501111,1504185,1495139,1524393,1515386,1485884,1505303,1605611,1484586,1479292,1563774,1564791,1518073,1514043,1472027,1539858,1446333,1533543,1466895,1541819,1431841,1475283,1530705,1538468,1622852,1522831,
84000:1563929,1518794,1435027,1634189,1588409,1550336,1507972,1569239,1546871,1589199,1594426,1520490,1588095,1634551,1487117,1551795,1540498,1558343,1485923,1440536,1497992,1520355,1555293,1585247,1518630,1549635,1580830,1505261,1599882,1607701,1491931,1611628,1535764,1504545,1460045,1544017,1511744,1525254,1527830,1536767,1528316,1556642,1617583,1571430,1564349,1527788,1625700,1550306,1625610,1626514,1533740,1511887,1633029,1570371,1616495,1521736,1456318,1707639,1500700,1525757,1461070,1565075,1528301,1533991,1516092,1541449,1581399,1533498,1536969,1575441,1584642,1523156,1548042,1493509,1573858,1570699,1557020,1562619,1679989,1584950,1537389,1471882,1476393,1520988,1483823,1600310,1484335,1498664,1548448,1515159,1491308,1487939,1470056,1496897,1595969,1509878,1615036,1480722,1535221,1613459,
85000:1560912,1584862,1519951,1515172,1586035,1530031,1485300,1606561,1595413,1559018,1532005,1646814,1543140,1597431,1589456,1524265,1611729,1515564,1486550,1535496,1517534,1546318,1544311,1630224,1519665,1528536,1653644,1620355,1576944,1551885,1535669,1533140,1482797,1634549,1511866,1591751,1524090,1514583,1607901,1550656,1683913,1539754,1591619,1514335,1545828,1622891,1740214,1688465,1592443,1565905,1571778,1593828,1601668,1564197,1588342,1608126,1543815,1614613,1529589,1532588,1619009,1494574,1639554,1536646,1503666,1518935,1528334,1601389,1567017,1672322,1618072,1493736,1556000,1597811,1612526,1525567,1594643,1672179,1581145,1710351,1502447,1572938,1512892,1498933,1627829,1528044,1576298,1520599,1568637,1588434,1562495,1542700,1553846,1576772,1574066,1525119,1533500,1620370,1537386,1518702,
86000:1546978,1587684,1750708,1615484,1587111,1760839,1548304,1494687,1581916,1644912,1647448,1559995,1526161,1526623,1513812,1590214,1606161,1611333,1607024,1585667,1599960,1503562,1654129,1537661,1533389,1627252,1678352,1665026,1572668,1606355,1514750,1547202,1641485,1589913,1590280,1558761,1556413,1506323,1508696,1602486,1530686,1575313,1623898,1583160,1578530,1513453,1593055,1534865,1624725,1564001,1534020,1536373,1539965,1582796,1577214,1595832,1589636,1543291,1581257,1504869,1538585,1639656,1549399,1557181,1567348,1526142,1522778,1576997,1637444,1566531,1558969,1525571,1579313,1511097,1566365,1588404,1527911,1567461,1570812,1648996,1516534,1537935,1607581,1563696,1523600,1576455,1598765,1630596,1547613,1505559,1550008,1743145,1575401,1641210,1510368,1677228,1602276,1586456,1555982,1601528,
87000:1630761,1676147,1668892,1573019,1568433,1608107,1605148,1689719,1628369,1547082,1585478,1537920,1586964,1729087,1564714,1585591,1630196,1590086,1573968,1603621,1534236,1592188,1629731,1627107,1594226,1593525,1560211,1543803,1622913,1639009,1617256,1602835,1665540,1549271,1587794,1623455,1618664,1563820,1734566,1551047,1622427,1580636,1565188,1585449,1591605,1692402,1602384,1562139,1536852,1606815,1678584,1546838,1676317,1567099,1592264,1515395,1640602,1788308,1718063,1548056,1590814,1594993,1576586,1677463,1603415,1588920,1601997,1609262,1645757,1548841,1605517,1639019,1627793,1560193,1569303,1645647,1612729,1583924,1578418,1743837,1513026,1620629,1629934,1551450,1753018,1648774,1588045,1532935,1565575,1593448,1558787,1719198,1539364,1541991,1679297,1572812,1697902,1593534,1654246,1565839,
88000:1649554,1624116,1636270,1659907,1647120,1588039,1600350,1581061,1573939,1733927,1565453,1617488,1586488,1720582,1667182,1596233,1651164,1652176,1615125,1661454,1619564,1572163,1634372,1593549,1668884,1569070,1577288,1663635,1620223,1630270,1569388,1622091,1555252,1634556,1698145,1690432,1576745,1593617,1575946,1662014,1577811,1602505,1675814,1627962,1744821,1662601,1653038,1689243,1657671,1694374,1565856,1573917,1603424,1624562,1578851,1682562,1562329,1612908,1578535,1633073,1597431,1545442,1665087,1679982,1604910,1544974,1547231,1723019,1700820,1634616,1575212,1681390,1610402,1621796,1560755,1609909,1574223,1633729,1734119,1540112,1639582,1640528,1641359,1655329,1659321,1550163,1748537,1536253,1612722,1679430,1641019,1762200,1659895,1815197,1643769,1669732,1589170,1597427,1638444,1729698,
89000:1642639,1722580,1660722,1694295,1627614,1721576,1612942,1646077,1697098,1609178,1612682,1726306,1682353,1597574,1675095,1613225,1602904,1555461,1722470,1632938,1725185,1701596,1620438,1590386,1702436,1675141,1666137,1702550,1697785,1745650,1567473,1725220,1703878,1756615,1693485,1610164,1615139,1579436,1661391,1647494,1640495,1646724,1604729,1620497,1640307,1689117,1666752,1657940,1568487,1611707,1602943,1552905,1602784,1766995,1597363,1654743,1709956,1717172,1635999,1673627,1670377,1625912,1586356,1672907,1645148,1613532,1618201,1593203,1756378,1786139,1654701,1640300,1672622,1562406,1652668,1730237,1627793,1709112,1630787,1622648,1596195,1645389,1634574,1703986,1736649,1616463,1644485,1662805,1607712,1654987,1600821,1734185,1695318,1585810,1667218,1667859,1793567,1647601,1805902,1673791,
90000:1688567,1689965,1705713,1721788,1694995,1624880,1602774,1790092,1650032,1661783,1749105,1609912,1629983,1740506,1682316,1621527,1723448,1637172,1761246,1789761,1828763,1718557,1679573,1653485,1740624,1673081,1738087,1734869,1665908,1758621,1610231,1650406,1627094,1698343,1664098,1715805,1727146,1816092,1818780,1619737,1609912,1611956,1705856,1618880,1641900,1651832,1640533,1679335,1736363,1612995,1637397,1695049,1786378,1640625,1595720,1633373,1666441,1624876,1716137,1622946,1707613,1797506,1686808,1639411,1720751,1652411,1622465,1765523,1637891,1621422,1621063,1599407,1669403,1617661,1633523,1710616,1677313,1583355,1676728,1714763,1625597,1689697,1616150,1701175,1751279,1765047,1620138,1683751,1585831,1645904,1623535,1634021,1706448,1781424,1634530,1694580,1698810,1592091,1597170,1700003,
91000:1670028,1631456,1707372,1656587,1718049,1789055,1740329,1686046,1714900,1751628,1672130,1678080,1645131,1801873,1691147,1700012,1709709,1703324,1630397,1737766,1680975,1735198,1622887,1732504,1780479,1636588,1700553,1826349,1650996,1759688,1665377,1690885,1687366,1772525,1714433,1802987,1742488,1639276,1612645,1705683,1779575,1679215,1722352,1804794,1731185,1620065,1786843,1734255,1750154,1637183,1614931,1684635,1828539,1656526,1743145,1593337,1639110,1657387,1661830,1695644,1680898,1686937,1723941,1728294,1622650,1614381,1674071,1659800,1695893,1776389,1651072,1691906,1750187,1612547,1656101,1626652,1721356,1621254,1707191,1788556,1705618,1650866,1677588,1702804,1709574,1757349,1711949,1722358,1708358,1668361,1724964,1651693,1766648,1598077,1621850,1717861,1750726,1611700,1786766,1699549,
92000:1825479,1658382,1610701,1717075,1664872,1691372,1648332,1627742,1734291,1679734,1695287,1693638,1738129,1729824,1752602,1710689,1658916,1722186,1653687,1722281,1639436,1753435,1749870,1677975,1639969,1723591,1690657,1716025,1723968,1721353,1674963,1765005,1717386,1829076,1727348,1696367,1726867,1816245,1702033,1655121,1726235,1704423,1794944,1745323,1673653,1746780,1659533,1675787,1720845,1780972,1726130,1666866,1626519,1697280,1685184,1581761,1730665,1695610,1813097,1675647,1733482,1695677,1709328,1650766,1660212,1681176,1633439,1739579,1631331,1662840,1730054,1687350,1766677,1797750,1748644,1657964,1646189,1782351,1894032,1685485,1705874,1642083,1790488,1702866,1652334,1655276,1704464,1686708,1686055,1693077,1804293,1792438,1702032,1700135,1664900,1742729,1697688,1743520,1767472,1744695,
93000:1739163,1748165,1810923,1689225,1627370,1686902,1772140,1682160,1755065,1840422,1685516,1706924,1775053,1748419,1698071,1764706,1676569,1751716,1738073,1747055,1783277,1730529,1768828,1883030,1712648,1716249,1733090,1657398,1738969,1846707,1660805,1768438,1727698,1815319,1700867,1844945,1710098,1772502,1849688,1687696,1687394,1770238,1820760,1669574,1681874,1773389,1672466,1711612,1716773,1874697,1688313,1707718,1709228,1737084,1725646,1785410,1706497,1785537,1679207,1750903,1629474,1660539,1686946,1729163,1760476,1756201,1730280,1713648,1711683,1680260,1711714,1695812,1941826,1864000,1843133,1629602,1846660,1810397,1691871,1732479,1855182,1793265,1752093,1726686,1768904,1812867,1645636,1694079,1703050,1708784,1667568,1894205,1681343,1725456,1740385,1631193,1747605,1707794,1719781,1743996,
94000:1863471,1782494,1738542,1765910,1715833,1704108,1720775,1870990,1723354,1732395,1769859,1735595,1850716,1767737,1732799,1646698,1840191,1772988,1764044,1762039,1778439,1712396,1757137,1740423,1753605,1777442,1719810,1714874,1814835,1715548,1760888,1704801,1758717,1699239,1819876,1719803,1829247,1785784,1656741,1749311,1735390,1714460,1736732,1730039,1765520,1770318,1699609,1653859,1765953,1756310,1851263,1817665,1743722,1692778,1726054,1724198,1771950,1714663,1675983,1662983,1737866,1713417,1711023,1750640,1717966,1784262,1833193,1704715,1778852,1748861,1658249,1770484,1803674,1843024,1815950,1723680,1807490,1769218,1764479,1684094,1751288,1823033,1864996,1768471,1737874,1770366,1697717,1847985,1858708,1700287,1800656,1787758,1675411,1809682,1707683,1679607,1644885,1776643,1810841,1689311,
95000:1762713,1758319,1808646,1724403,1702744,1778212,2009316,2074286,1826647,1818181,1783647,1740366,1713180,1729082,1791477,1795811,1827285,1720923,1749205,1738948,1755717,1911024,1772741,1690762,1729275,1858730,1730272,1854286,1853006,1715191,1842534,1716801,1731711,1742505,1752972,1988744,1841249,1702724,1815261,1719958,1745590,1771859,1740722,1942637,1956296,1669199,1868989,1803966,1748021,1717909,1867308,1727636,1853117,1752569,1812668,1830099,1938101,1779956,1758884,1671221,1978507,1791018,1742502,1756448,1760828,1768208,1791197,1738728,1727150,1731834,1725590,1738786,1749104,1776273,1731098,2022940,1765528,1680394,1809301,1802417,1877035,1732848,1715662,1838332,1898591,1758496,1839073,1806769,1780757,1700313,1740223,1803180,1768062,1710419,1846819,1769253,1778962,1743139,1840713,1746673,
96000:1794507,1709556,1808395,1851224,1885470,1842224,1779023,1796045,1705412,1767752,1697753,1750800,1836147,1757100,1760959,1739626,1793452,1757443,1829051,1744564,1750837,1736426,1850496,1720447,1732689,1824423,1732935,1840326,1751339,1918552,1741294,1715627,1756559,1672886,1799707,1745020,1722679,1841162,1804004,1777093,1738470,1753281,1730986,1774309,1742291,1844613,1816800,1735403,1733313,1760511,1816530,1784072,1808404,1765119,1851780,1738336,1834966,1771805,1736178,1773296,1854951,1769014,1800341,1789876,1816789,1759663,1814397,1743310,1925644,1808941,1782112,1874418,1844027,1764778,1797701,1794206,1835522,1690338,1775193,1721015,1758650,1769117,1903165,1844282,1817996,1855406,1874881,1730688,1875615,1787350,1760387,1752229,1794866,1779036,1787430,1749088,1804434,1747750,1773759,1731428,
97000:1794350,1741709,1732654,1829597,1800559,1910155,1816278,1824391,1815797,1991989,1810541,1898360,1862552,1744407,1746259,1829320,1879314,1829786,1856567,1905330,1803517,1860240,1875236,1870824,1774357,1778610,1876514,1957537,1792895,1810009,1842614,1748811,1763300,1772618,1756308,1786168,1754713,1818762,1806501,1743378,1738209,1801157,1768604,1887669,1831132,1718818,1852805,1830780,1739062,1883206,1926028,1793752,1767227,1828773,1941833,1912738,1931789,1773146,1854868,1760190,1724027,1824374,1816496,1816251,1705863,1780945,1888682,1815994,1820883,1783603,1752587,1790380,1783392,1818358,1787227,1767177,1875053,1794103,1776795,1875934,1883390,1798732,1857808,1818648,1787112,1786591,1797906,1789421,1819334,1829106,1858963,1871213,1773037,1826926,1997023,1794469,1787226,1839972,1834427,1730690,
98000:1808733,1839945,1793042,1788176,1760003,1785134,1854251,1848430,1958394,1796551,1835725,1833621,1767140,1956466,1869686,1740874,1812298,1762303,1762551,1848828,1812438,1787737,1860498,1907796,1826000,1808002,1826304,1846748,1873835,1821695,1771334,1829290,1867205,1744674,1827319,1773882,1828873,1851180,1867554,1952092,1843016,1718877,1859021,1796364,1875365,1900479,1872967,1773019,1784499,1807090,1899192,1843118,1850269,1885091,1849526,1834819,1805082,1754606,1838698,1776978,1872656,1788704,1840768,1812846,1922694,1813931,1767311,1782761,1855990,1758007,1849118,1823428,1781956,1793383,1827888,1886627,1839050,1829276,1767683,1821549,1776392,1900177,1841692,1743009,1849390,1814343,1831941,1937983,1803253,1780141,1888365,1929741,1849395,1865826,1795286,1797938,1858686,1882249,1931281,1743970,
99000:1773661,1954476,1795226,2008455,1812118,1882907,1840058,1815637,1791697,1871360,1904022,1912004,1894730,1974749,1857909,1919798,1899625,1738310,1984942,1875647,1857478,1795554,1917140,1911034,1926822,1860815,1910604,1895079,1820452,2002873,1851381,1994604,1846279,1788141,1799738,1825060,2057719,1986158,1841125,1966282,1764061,2031566,1944045,1871441,1810100,1808667,1873753,1820486,1794391,1883185,1800826,1909745,1853728,1888540,1736033,1856195,1897127,1781011,1813214,1989275,1823728,1813968,1780495,1807188,1826612,1984938,1780509,1799927,1900764,1864330,1938334,1852626,1827257,2026322,1792629,1756238,1874060,1813966,2081090,1831899,1905327,1820867,1863694,1789665,1897883,1803036,1871096,1768138,1806188,1788029,1939853,1896959,1855517,1917657,1920891,1839825,1882143,1795374,2012262,1779361,
100000:1863046,2001550,1936031,1813883,1875679,1924469,1906078,1893425,1824255,1881848,1841748,1795949,1886552,1872429,1844349,1967575,1883380,1834354,1864011,2050069,1940160,1885934,1805416,1857118,1862399,1915583,1922478,1802552,1930776,1985124,1893207,1817678,1923437,1831389,1829910,1794782,1857940,1837910,1842423,1851263,1828366,1816079,1805892,1871785,1770623,1925747,1911402,1960008,1866228,1790359,1826594,1885370,1864633,1781489,1840930,1813123,1900182,1880608,1815182,1970716,1818569,1849186,1874885,1931333,1850510,1792279,1779822,1813809,1840031,1919998,1851513,1797219,1837477,1895204,1802211,1784806,1852484,1862606,1859186,1775409,1813597,1853299,1905991,1791063,1904303,1912590,1833216,1858012,1844476,1829071,1881605,1837691,1786079,1892179,1916781,1896519,1833640,2043493,1870758,1923367,
